100
13 24 30
50 88 5
58 80 22
22 59 17
72 89 29
40 50 34
27 73 6
70 96 23
20 35 37
87 93 73
65 72 55
94 97 31
1 14 23
27 43 30
16 42 3
37 42 55
54 78 4
45 69 19
87 95 67
58 88 3
22 35 42
55 70 49
80 89 31
17 93 10
82 93 50
55 63 100
71 83 36
48 62 55
8 46 11
34 45 29
23 79 13
26 29 69
65 80 44
6 28 15
55 62 91
67 84 13
58 90 17
27 39 49
61 76 32
82 87 8
64 93 22
56 65 18
64 80 40
27 72 14
24 36 27
42 89 17
8 93 5
55 59 65
75 90 10
53 65 25
92 100 46
15 41 31
64 69 78
18 43 13
10 58 7
54 80 17
70 86 33
44 86 12
7 28 7
8 30 33
67 72 89
15 91 1
63 93 23
57 63 1
70 75 61
31 52 25
25 65 6
8 36 14
61 79 24
50 55 59
58 62 42
14 26 65
79 93 40
9 34 4
29 65 22
49 95 2
30 49 3
46 49 1
51 65 8
35 70 7
16 20 67
85 89 58
61 67 75
52 67 7
38 44 43
67 97 13
65 73 1
31 75 2
27 41 7
41 71 23
4 41 12
22 32 43
28 66 14
38 46 80
53 64 57
42 99 3
2 20 10
24 31 86
7 33 18
4 26 7
