6500
806 927 516
497 761 114
560 614 156
209 241 215
711 764 423
463 570 738
456 570 137
358 379 553
417 499 647
676 831 75
789 951 136
190 347 2
524 609 769
881 938 738
11 142 618
855 902 356
895 955 705
79 135 136
150 959 22
771 831 51
532 728 146
900 945 821
445 739 52
567 608 74
15 142 472
359 497 406
608 636 788
690 804 269
228 537 169
22 850 52
85 982 5
244 450 342
130 961 99
203 266 705
609 681 862
269 675 144
963 995 897
357 525 472
128 158 506
15 688 54
485 669 118
830 906 958
930 972 624
392 515 272
525 602 161
720 899 128
909 975 709
534 593 789
485 584 469
77 211 56
114 442 93
793 857 887
544 579 12
84 747 69
47 279 260
628 852 92
218 235 915
355 394 70
856 917 655
181 554 148
266 392 255
791 901 416
371 513 134
513 766 329
64 341 96
608 718 493
8 51 277
642 747 266
330 334 872
427 448 223
114 838 54
225 319 38
334 790 126
808 941 340
835 871 758
178 234 23
673 878 55
560 619 69
183 360 178
301 419 530
77 386 185
676 808 294
96 288 418
27 173 520
514 626 322
135 317 249
594 690 706
410 546 400
741 764 845
825 961 601
166 844 47
928 943 533
549 638 6
436 988 104
397 678 152
339 968 116
895 964 933
286 305 838
555 585 748
631 725 766
355 898 25
878 915 309
275 351 353
626 722 72
464 718 220
347 400 511
105 733 63
622 772 264
135 214 634
625 947 43
71 237 129
752 885 576
71 290 314
589 854 120
720 805 163
63 496 190
204 261 21
810 908 38
336 395 764
664 740 135
687 739 319
881 989 484
149 200 529
892 947 627
546 628 187
428 539 221
180 292 685
314 538 263
206 293 369
405 630 142
928 983 43
90 212 639
287 890 41
505 748 282
269 623 157
905 996 190
666 670 750
225 818 90
48 148 436
562 736 216
657 671 981
181 554 192
200 391 73
116 842 60
254 995 53
180 411 314
29 492 148
93 279 210
500 974 90
274 349 794
705 844 61
680 781 379
527 600 428
488 609 500
154 236 313
251 346 534
98 297 185
279 604 203
59 361 17
74 168 855
27 376 29
670 734 142
202 451 292
773 914 442
253 874 67
348 727 2
234 403 269
24 359 7
104 214 453
881 901 482
64 408 45
772 805 787
582 674 368
497 590 320
100 260 510
684 756 398
417 587 121
717 892 300
138 341 282
211 249 425
425 731 212
771 981 147
254 669 44
269 326 579
645 842 2
97 231 106
529 538 481
453 799 197
236 331 814
770 815 83
462 569 630
180 623 105
716 907 25
234 584 145
162 236 655
726 818 315
37 66 16
671 975 70
348 378 364
181 237 200
211 624 82
730 817 785
231 848 117
261 268 571
459 602 44
821 972 72
687 765 275
690 732 939
471 728 217
147 163 875
274 578 132
431 687 118
731 835 797
62 480 64
648 753 333
724 779 724
328 423 130
239 384 531
332 394 716
185 769 17
7 516 115
400 549 375
242 366 157
531 743 83
386 539 324
668 740 958
61 301 8
422 477 356
277 455 357
853 921 326
772 877 248
116 464 11
500 551 62
65 541 105
460 646 20
96 203 553
170 572 2
194 244 970
202 607 150
669 686 367
90 115 587
416 817 119
229 325 552
80 119 406
666 709 933
564 582 973
603 791 260
605 703 106
516 546 89
309 394 850
913 974 983
621 642 26
649 745 368
385 417 919
278 289 937
596 810 117
769 793 314
238 310 743
167 482 193
557 694 521
202 608 58
378 416 695
804 901 842
410 452 530
32 39 272
484 903 167
652 890 40
39 120 165
350 651 230
53 149 305
647 728 755
700 780 961
491 582 669
753 836 633
727 805 346
229 392 62
147 328 315
391 902 68
646 659 227
551 728 23
754 924 272
220 425 258
27 234 12
492 762 146
733 744 451
601 693 260
537 798 276
475 517 742
156 268 598
384 555 335
297 378 317
561 624 783
475 588 383
497 985 60
31 110 355
194 361 442
78 216 16
821 933 4
521 809 258
694 894 195
170 941 20
607 847 165
41 90 270
68 173 111
819 904 31
112 234 76
50 414 75
206 439 16
622 679 557
434 501 213
212 359 151
244 276 609
245 270 187
105 526 148
420 461 229
163 265 297
106 124 553
151 574 166
487 602 74
127 643 160
78 103 668
587 933 113
610 854 55
374 441 307
427 507 20
666 806 531
302 676 194
538 950 135
281 320 336
549 677 1
350 637 132
531 643 380
315 334 116
885 968 851
227 351 34
295 629 121
342 637 263
889 983 205
604 805 407
92 158 503
934 994 18
409 740 161
277 588 149
71 84 905
481 516 222
464 609 32
832 941 214
753 758 280
683 823 548
842 973 526
480 737 103
536 540 811
484 519 861
636 712 812
366 370 915
486 550 763
179 311 323
380 426 52
734 885 134
541 922 32
625 799 321
422 939 3
321 417 670
9 314 245
559 609 355
87 391 193
572 770 259
96 109 666
52 107 39
306 821 126
12 241 342
468 669 152
237 393 493
845 861 971
550 608 548
650 710 179
731 837 377
429 653 66
631 770 541
54 301 111
467 532 57
327 642 132
27 889 87
84 258 471
61 347 119
767 905 8
155 463 202
670 690 443
241 494 310
839 859 811
398 467 333
735 872 583
256 259 280
431 444 192
436 674 296
938 965 978
76 155 348
875 928 735
71 217 112
632 643 576
562 831 2
456 516 779
934 990 541
637 648 616
73 381 33
290 419 539
575 720 233
650 721 31
925 981 860
272 439 346
365 612 156
144 494 66
884 957 991
584 859 248
749 820 782
181 264 531
641 689 403
190 251 701
544 676 577
391 452 81
112 454 158
128 599 91
769 964 239
95 127 413
893 922 848
114 469 165
567 586 991
231 308 149
814 842 427
799 913 556
84 514 78
495 575 232
414 574 403
268 571 4
447 846 93
32 370 179
854 864 491
812 996 372
305 363 608
422 475 36
743 812 636
301 314 882
20 280 242
248 268 81
459 603 188
348 377 15
466 823 151
351 401 212
377 402 726
904 933 892
117 722 14
465 539 704
93 125 470
926 972 888
118 147 823
384 490 104
356 593 160
198 214 933
651 837 164
803 891 523
43 916 7
43 199 230
229 908 92
27 444 126
442 526 908
319 388 584
282 765 68
337 375 604
252 526 113
240 612 52
685 935 45
150 252 448
632 904 92
54 149 400
434 984 13
383 405 4
783 889 486
787 812 228
845 859 948
123 143 740
196 214 785
848 965 337
796 901 497
347 515 106
297 513 384
112 168 751
831 907 91
671 768 284
448 875 149
324 368 34
1 323 58
887 968 484
520 542 121
406 461 17
428 506 910
493 789 11
585 825 158
338 568 270
661 778 135
770 787 989
438 651 297
725 804 417
71 229 248
648 949 197
721 795 603
340 449 488
45 396 140
599 622 38
858 885 145
396 713 257
307 386 566
578 624 607
220 499 169
310 351 749
97 204 576
93 848 90
25 63 874
555 597 925
114 871 32
599 851 16
542 874 209
260 350 256
489 592 700
737 813 601
807 883 401
508 565 545
38 308 231
709 737 154
84 171 598
637 903 3
472 494 799
394 711 200
180 782 74
559 602 670
688 692 173
446 727 207
552 698 476
506 998 65
98 193 683
708 774 475
96 329 325
53 169 396
25 201 72
446 797 117
910 994 222
703 726 28
347 452 755
183 219 857
27 848 15
95 123 315
121 127 731
281 302 427
498 549 662
48 78 150
231 317 580
169 223 380
5 46 22
706 832 529
669 925 282
718 887 300
460 696 194
622 660 491
815 971 272
923 954 79
710 884 121
553 655 325
176 374 23
184 187 886
200 220 748
376 682 19
284 455 258
339 519 117
35 74 532
189 790 138
418 474 461
31 206 410
832 851 49
650 707 176
503 544 242
624 794 390
239 256 407
306 367 956
22 625 24
171 180 410
829 900 470
668 734 95
302 742 38
292 539 255
59 268 110
6 61 605
252 283 596
613 722 621
314 344 363
81 88 583
478 489 661
942 989 163
648 669 720
323 513 222
487 760 7
413 456 20
142 333 151
257 312 913
604 750 205
171 271 184
317 515 70
365 409 517
648 687 499
121 202 123
556 771 95
382 771 116
863 972 252
20 100 421
195 238 635
350 438 258
83 140 575
285 642 177
751 776 928
661 797 554
315 398 502
251 925 68
118 166 78
190 251 857
87 816 70
157 227 601
251 972 68
631 953 230
635 743 752
611 646 242
346 391 121
858 981 541
345 604 306
282 392 536
374 515 578
365 464 674
372 625 308
791 859 451
274 486 276
491 537 867
74 189 353
468 919 150
262 908 17
499 698 33
411 414 359
408 806 166
78 85 158
793 937 15
213 490 129
297 711 21
196 275 70
874 889 404
425 713 55
170 368 90
116 672 39
222 377 391
112 429 104
470 572 543
148 215 371
9 130 312
648 751 369
305 344 563
317 404 662
444 618 137
327 401 986
203 418 54
8 309 240
318 900 29
547 805 187
114 152 881
184 497 108
503 522 802
254 298 521
619 798 405
479 726 170
867 934 1
143 595 124
264 346 621
602 701 740
684 687 517
99 119 14
463 570 611
594 722 487
757 903 544
350 622 214
767 850 562
308 351 544
876 974 192
531 567 506
617 783 207
557 716 185
844 971 468
440 551 179
30 228 174
851 860 26
141 232 527
727 788 414
470 498 926
783 960 288
541 554 795
619 719 516
383 848 139
462 489 704
664 886 156
171 393 162
140 221 186
484 580 241
27 64 442
891 953 53
684 948 196
152 306 218
20 303 263
381 497 484
383 445 650
45 122 580
324 597 197
338 552 381
23 267 276
690 934 11
328 952 65
839 886 304
155 938 87
23 744 21
205 609 30
317 486 79
111 173 649
467 563 354
104 499 132
574 617 994
426 563 42
492 669 244
708 757 575
4 883 5
351 688 72
470 548 666
260 312 462
316 594 77
770 848 342
54 167 262
79 939 2
745 854 670
176 411 342
297 383 159
346 874 114
383 752 195
190 253 715
528 842 243
378 559 149
889 965 523
569 913 25
240 256 501
393 435 835
595 831 5
333 405 352
705 944 223
756 885 198
205 284 788
348 383 984
580 777 19
571 585 182
341 444 397
837 849 696
736 848 272
493 517 855
486 530 154
94 250 448
758 813 792
155 237 901
147 330 199
750 811 614
187 769 54
6 704 107
734 793 779
891 894 317
680 705 754
413 667 231
247 902 92
756 851 780
786 842 39
300 362 35
434 795 51
43 200 309
57 141 533
213 769 9
94 135 719
614 974 19
303 582 92
467 476 546
21 126 481
762 897 36
870 913 268
57 649 115
493 525 156
551 560 517
374 661 254
96 227 187
627 648 881
755 942 286
353 511 221
5 161 473
256 958 11
127 564 186
265 308 779
218 593 199
350 503 438
809 897 153
556 695 183
162 405 199
623 734 733
111 944 68
270 571 232
547 708 238
647 742 25
742 746 790
621 751 464
325 388 914
432 680 110
121 343 262
548 809 105
36 95 561
92 111 643
358 874 97
588 685 222
312 356 988
150 203 505
646 837 348
160 233 846
467 939 128
538 831 100
56 255 243
517 580 579
901 985 345
662 736 933
682 812 51
493 905 189
160 252 153
38 747 40
606 660 361
655 659 335
397 488 394
236 295 58
730 771 615
541 667 497
881 904 951
210 274 937
597 791 399
680 727 800
326 538 43
408 838 164
641 911 271
309 442 611
839 962 202
632 764 207
551 689 85
15 80 933
568 611 18
785 863 489
162 426 16
270 341 87
828 846 381
32 250 283
853 891 770
335 460 142
662 821 143
791 807 554
615 747 443
394 718 245
636 771 527
362 461 144
711 754 663
366 458 219
571 574 933
292 597 104
860 891 555
193 253 638
171 335 462
597 954 104
326 540 17
178 250 813
921 998 413
183 433 183
308 386 878
425 492 517
367 376 453
145 205 991
143 334 85
853 882 906
87 549 53
335 731 100
723 737 419
395 493 345
525 932 198
163 279 696
315 534 288
120 186 320
689 807 399
847 980 289
54 175 607
77 130 10
461 512 985
332 413 563
471 935 7
223 239 886
291 911 126
417 426 591
247 691 146
226 274 470
612 634 779
850 940 854
373 462 738
859 924 969
228 281 196
99 169 489
471 517 969
603 818 190
689 700 895
332 778 13
936 977 847
455 637 382
528 536 91
540 778 176
645 662 977
4 663 7
293 799 127
392 450 404
37 182 112
79 129 656
90 182 735
839 882 375
664 791 384
209 302 611
474 868 149
698 868 316
149 711 42
701 789 311
98 538 40
579 630 673
846 949 400
221 647 2
114 267 373
316 320 109
186 526 217
697 753 340
431 507 279
599 609 161
95 252 386
625 787 147
853 946 278
33 693 61
83 537 83
695 912 280
222 806 73
685 703 266
515 664 496
875 889 564
450 564 564
483 661 446
355 596 38
202 219 160
22 742 20
896 918 359
181 841 81
121 676 116
575 630 641
551 723 334
405 465 988
181 830 111
316 404 717
429 436 917
188 244 401
578 832 219
580 699 430
190 356 364
917 990 607
984 999 610
579 816 278
372 443 559
482 523 440
812 868 947
33 186 130
695 865 77
422 496 125
634 750 643
76 331 257
264 268 544
536 721 278
340 658 94
60 638 29
403 420 544
344 461 487
117 219 297
376 564 414
42 933 18
367 938 117
530 738 397
182 483 33
391 477 688
77 340 146
438 463 59
634 804 21
105 268 330
119 123 748
704 832 426
642 979 196
93 430 152
526 546 85
727 864 566
733 993 230
852 923 856
794 994 270
268 398 468
916 926 507
563 598 440
471 638 63
785 885 615
656 953 211
460 635 417
359 961 25
187 364 202
373 432 589
294 381 704
926 970 652
813 928 361
536 588 863
315 447 294
101 444 8
166 461 47
378 447 125
208 223 631
797 958 338
99 730 19
701 863 479
571 762 407
264 802 1
143 788 82
510 569 473
902 961 958
494 537 716
752 934 333
303 744 124
958 987 789
359 523 147
730 827 339
206 724 40
646 829 14
493 686 401
642 735 592
234 355 352
158 965 78
36 745 88
639 831 236
103 136 465
245 345 710
372 407 564
366 405 813
76 230 131
152 768 57
609 834 194
92 553 94
905 999 454
500 729 243
323 360 3
60 995 33
327 367 737
453 644 32
481 574 647
235 478 61
391 898 93
455 718 201
90 260 84
936 988 586
206 357 387
16 222 181
172 910 39
392 468 47
475 495 47
209 528 140
462 546 544
77 511 181
494 648 251
138 203 217
622 796 285
177 431 4
840 851 301
833 1000 56
849 923 999
432 848 180
289 293 578
356 452 121
760 796 462
476 928 93
124 509 86
277 379 585
658 977 202
166 265 115
100 401 161
754 991 76
63 115 145
576 690 52
771 891 422
35 163 508
422 620 29
217 279 380
373 490 695
902 924 149
880 963 667
333 714 52
289 338 560
873 930 158
519 581 884
527 933 22
161 194 91
121 366 190
263 325 318
546 635 833
206 369 111
128 225 372
165 212 799
356 964 12
361 740 170
443 644 193
536 591 804
528 737 19
120 327 198
810 877 222
90 420 244
409 611 191
178 734 73
197 357 29
26 111 403
413 444 950
41 133 533
573 589 747
670 963 95
524 853 65
347 1000 28
249 263 886
160 250 215
50 579 96
312 469 159
202 401 326
456 608 272
99 639 76
440 454 176
214 950 93
159 264 507
242 309 402
288 767 46
412 438 191
296 617 24
294 448 528
157 287 326
281 379 56
121 185 899
831 920 264
646 886 105
232 416 130
114 203 8
764 860 541
404 470 52
788 819 650
235 411 428
713 896 243
768 902 476
611 732 671
558 685 335
468 866 123
165 668 1
34 466 100
302 436 4
141 403 102
926 972 660
534 588 526
854 900 308
257 894 17
364 565 33
915 945 386
160 615 21
487 562 990
129 476 217
786 863 105
494 845 223
110 571 98
446 578 319
483 940 2
661 771 169
70 261 166
642 697 539
18 301 3
598 638 266
728 754 168
698 714 239
95 144 731
384 937 111
621 790 118
496 588 822
286 303 838
718 730 132
904 926 57
198 640 4
454 937 48
338 405 47
529 878 112
94 754 69
603 658 684
30 264 236
399 566 383
802 956 441
186 363 382
470 540 642
154 772 35
638 852 265
420 436 324
60 117 593
695 994 52
816 845 151
471 825 74
572 650 609
798 815 796
380 454 671
827 880 763
606 902 51
637 645 756
79 526 164
33 246 268
248 456 57
379 454 821
784 993 364
263 327 414
761 917 214
658 987 174
718 928 77
74 413 163
343 380 405
232 327 323
695 853 150
271 634 148
830 905 31
572 604 831
983 990 374
913 923 126
63 224 70
445 504 247
402 411 951
574 936 183
128 181 759
933 958 276
683 772 637
345 565 218
395 840 108
335 446 610
26 357 179
432 580 317
621 885 85
106 172 501
160 202 206
756 912 240
835 893 595
187 227 931
654 684 598
470 642 314
176 537 188
826 932 573
463 859 180
752 836 305
190 407 38
266 377 265
297 505 216
632 638 206
316 818 121
265 408 179
182 285 197
141 670 139
210 214 517
109 758 45
334 432 148
241 271 448
149 336 44
560 626 512
223 326 131
789 894 234
421 476 297
511 695 171
551 871 204
20 300 47
226 354 440
99 138 910
658 729 960
394 457 361
363 497 40
627 804 89
578 729 101
220 277 110
62 830 51
241 840 70
166 422 167
501 622 441
477 589 314
242 260 65
260 596 237
217 369 199
488 626 542
813 936 311
384 733 1
455 709 80
744 776 475
269 471 204
503 824 149
941 967 666
360 495 125
72 383 63
149 208 675
935 980 210
331 373 808
718 769 916
899 919 696
462 861 85
741 937 383
162 266 12
133 421 153
100 153 454
50 159 748
75 739 62
237 270 215
427 430 719
881 910 99
388 977 132
650 678 112
10 37 626
551 591 976
626 646 358
187 497 39
130 850 87
923 970 561
149 233 520
291 666 12
797 879 253
159 242 590
268 497 62
748 817 27
341 411 794
503 613 528
129 819 43
489 555 674
419 709 274
122 563 165
449 560 450
753 951 130
864 993 145
579 812 6
791 872 567
136 967 10
238 456 218
716 778 651
638 823 73
362 548 213
459 688 182
495 529 722
5 90 619
277 378 179
560 783 130
299 330 874
178 211 490
30 63 172
819 879 829
715 785 255
205 754 7
566 571 326
181 275 745
121 219 491
747 813 705
609 650 875
539 761 185
245 811 131
707 832 387
496 516 281
470 675 183
38 67 749
219 309 859
102 358 273
299 503 292
883 888 708
803 810 114
737 847 491
106 459 76
230 405 103
182 573 152
299 435 586
368 460 374
21 115 808
372 492 380
567 718 197
726 777 632
527 691 18
536 643 401
445 567 262
31 261 98
967 976 120
476 728 86
184 292 652
737 935 28
616 834 91
346 356 78
27 496 25
539 632 491
651 686 563
825 932 270
928 962 606
308 460 134
156 483 36
153 297 342
886 943 259
175 553 80
223 254 346
93 511 137
587 881 282
558 600 541
749 779 125
242 325 590
263 461 387
397 663 83
498 721 178
286 311 562
620 623 523
22 242 154
298 331 702
735 905 253
113 445 130
694 722 143
354 585 319
488 564 277
381 768 42
280 814 135
80 95 483
32 339 127
182 481 255
673 715 729
252 329 612
204 802 11
606 712 699
189 374 198
743 901 136
351 433 864
772 830 752
615 787 283
419 473 908
258 287 712
247 283 122
409 511 383
261 285 740
537 583 457
327 398 984
844 974 583
140 950 27
48 310 200
132 287 504
113 211 389
832 846 181
701 731 785
791 847 843
907 981 311
153 203 839
56 148 216
786 868 864
161 264 264
566 715 320
276 428 453
534 718 119
826 845 2
424 637 64
550 593 957
158 387 116
388 430 651
24 72 705
36 58 154
7 521 52
176 443 266
554 813 93
340 645 16
51 805 28
392 435 638
527 558 211
764 938 140
112 632 111
646 695 946
54 502 106
373 477 279
15 103 111
415 538 546
461 708 26
174 246 726
57 275 63
807 819 810
390 715 255
275 370 446
337 901 46
496 623 83
190 986 38
163 262 823
307 472 164
319 344 859
626 751 91
674 866 402
81 442 103
20 323 159
373 414 320
832 912 654
408 606 378
81 427 169
55 152 547
607 930 132
51 320 279
549 671 589
288 437 235
298 558 146
314 693 1
511 755 92
631 706 679
335 459 576
90 213 327
376 538 330
489 611 378
98 263 189
284 696 75
56 630 145
140 228 772
476 501 762
581 720 533
213 813 12
949 966 200
918 934 361
570 837 174
100 179 416
460 532 124
358 523 420
932 957 828
455 807 102
318 483 43
54 559 145
800 932 313
664 941 5
373 872 112
770 864 721
200 273 622
633 682 379
830 930 678
369 376 19
891 964 726
483 679 396
83 201 42
277 309 226
854 878 321
672 770 748
475 606 463
688 885 122
535 612 987
653 762 530
114 385 123
17 326 165
882 936 122
47 300 11
229 998 11
239 473 225
409 700 34
758 1000 136
162 951 72
568 584 383
173 287 696
850 997 111
678 697 566
245 251 382
297 772 45
737 865 514
3 536 53
203 299 494
346 608 40
514 560 991
223 230 557
117 138 242
35 205 142
530 689 494
460 584 94
708 743 442
104 291 148
965 998 970
313 716 11
42 69 727
540 896 74
789 828 976
489 718 25
610 633 94
596 759 272
354 392 186
381 819 65
571 590 148
721 727 331
298 423 374
225 583 72
745 889 413
623 970 52
224 415 280
58 562 3
101 459 213
406 575 435
493 603 307
182 378 219
736 964 63
204 323 414
582 862 87
663 899 267
10 153 110
763 923 500
95 123 116
17 371 175
478 648 204
611 683 688
67 467 63
590 928 6
498 508 98
235 663 129
131 923 15
288 601 173
306 401 620
568 576 57
621 691 669
629 799 41
441 579 356
95 98 901
533 593 864
589 633 556
372 434 402
563 644 584
242 341 282
272 617 205
295 395 344
894 915 914
157 214 131
827 835 786
11 83 387
735 767 25
475 487 166
154 160 920
307 598 195
230 439 356
609 678 660
501 604 544
456 596 292
476 550 228
363 414 718
729 781 112
945 990 143
682 710 577
336 383 791
334 831 46
273 360 502
232 252 347
943 976 30
830 936 598
682 913 101
574 733 388
206 404 231
141 242 513
125 401 50
907 945 873
908 970 763
188 264 373
317 887 45
138 218 864
764 969 330
74 671 6
54 72 204
661 723 115
697 963 167
394 478 916
540 675 340
705 801 134
469 896 142
430 556 150
660 706 66
723 757 933
135 244 232
602 627 831
42 61 811
831 934 290
930 945 367
275 967 35
84 213 565
88 268 445
247 462 84
899 978 146
573 593 636
557 662 165
150 163 918
85 225 443
257 450 405
794 897 414
178 838 123
906 925 620
754 823 449
259 822 101
398 573 134
54 639 41
682 843 466
448 762 142
379 415 571
294 845 82
633 847 17
606 700 377
118 347 198
583 592 32
542 577 16
166 249 678
391 409 760
227 258 103
614 845 296
522 605 521
324 473 30
417 893 72
634 757 68
167 204 503
580 723 345
275 328 241
285 418 312
46 131 925
417 894 20
188 871 8
443 588 160
297 439 334
721 830 611
125 503 51
399 589 118
334 626 93
100 173 896
156 223 775
479 616 446
299 684 43
168 224 940
807 922 26
39 158 55
470 581 194
378 666 41
347 709 100
186 312 254
119 215 571
633 697 718
195 471 188
285 378 466
235 259 410
166 654 80
306 312 871
586 700 659
254 719 38
743 816 910
76 264 82
63 700 23
460 504 193
856 897 246
616 733 107
834 983 411
129 792 54
151 187 3
358 387 188
417 623 123
249 297 569
784 998 51
560 818 198
334 649 187
148 920 65
510 543 159
625 664 835
179 557 102
821 835 526
253 718 27
602 670 907
289 370 199
744 810 384
501 616 597
88 250 312
818 853 657
146 503 129
411 682 56
705 930 207
419 490 579
518 728 221
468 507 102
825 958 580
769 842 632
688 816 472
69 348 7
90 483 133
243 249 554
630 768 117
673 693 736
167 815 64
906 949 648
442 807 14
328 910 54
537 857 25
706 964 247
100 178 947
699 727 153
666 733 288
110 590 5
921 938 574
692 761 461
194 261 636
98 239 494
330 467 288
743 998 229
71 362 130
231 510 117
404 491 747
365 420 275
392 537 163
301 447 225
383 460 815
648 702 851
773 776 804
786 790 442
256 757 108
465 869 67
22 355 91
479 533 26
502 508 910
520 991 4
605 631 821
256 491 62
277 979 76
117 169 543
770 994 35
50 299 113
493 599 778
425 498 140
559 853 51
173 595 78
459 479 240
8 238 290
105 151 619
103 160 62
326 443 441
304 465 65
790 972 78
149 405 145
749 923 3
349 456 316
692 729 436
101 120 475
7 184 26
811 849 565
542 739 381
67 271 54
277 870 113
125 952 51
332 675 118
236 963 110
419 512 725
737 817 642
318 530 58
428 546 255
242 735 21
172 666 106
784 793 18
373 630 130
116 161 369
934 990 643
440 497 952
62 199 603
384 398 955
112 371 247
631 809 229
309 353 527
666 788 261
406 580 290
322 935 18
463 687 153
356 912 14
560 585 442
340 594 240
528 573 962
697 860 97
641 906 45
445 514 454
51 252 1
447 550 211
107 178 36
789 844 67
329 402 224
219 271 873
337 873 140
932 977 875
681 915 104
511 853 221
349 382 179
273 837 11
192 238 313
228 255 313
527 598 476
449 489 837
104 691 62
639 712 714
153 717 102
286 472 19
614 742 31
6 95 234
821 944 400
483 500 341
755 858 134
593 965 53
251 458 295
221 275 260
477 528 325
291 437 463
258 361 110
240 414 27
484 502 416
68 143 910
138 268 470
250 561 146
760 959 113
557 601 416
319 683 224
452 518 906
114 450 75
656 680 848
430 838 82
358 403 162
435 672 32
148 284 470
65 205 289
484 567 63
313 436 443
23 90 828
301 353 974
9 280 187
359 485 201
607 718 359
257 353 406
228 606 154
571 709 268
105 817 32
257 365 516
459 559 150
445 628 356
959 974 592
233 599 146
221 976 25
638 746 222
469 722 222
712 765 757
211 452 218
739 967 248
686 713 749
662 753 650
299 424 387
252 360 417
633 729 396
843 914 88
483 992 37
615 709 169
642 814 277
682 811 180
168 764 35
106 159 909
823 995 404
397 492 848
304 907 67
53 123 329
432 743 167
381 420 617
316 364 405
452 491 742
119 541 116
303 334 871
454 681 25
343 465 18
225 381 354
147 357 72
498 579 265
59 319 98
285 572 154
702 758 826
453 527 714
436 460 682
23 29 754
659 996 13
205 863 123
7 430 137
862 872 114
245 305 456
464 553 799
602 653 698
337 585 50
858 982 77
643 698 168
575 672 542
284 359 792
747 859 614
770 921 70
744 774 571
303 396 854
453 610 508
494 555 855
789 897 292
127 307 190
363 674 42
257 359 254
129 211 614
294 513 201
201 895 38
46 132 792
418 931 127
167 330 254
131 385 128
646 827 58
848 939 177
341 602 97
228 376 530
506 751 54
14 163 31
973 982 547
431 540 541
25 44 995
440 541 612
920 993 867
594 699 626
400 523 169
615 975 104
211 314 436
324 499 229
776 880 510
1 84 486
550 627 925
99 423 216
434 789 135
769 858 452
299 443 521
136 596 56
285 353 821
237 702 24
266 290 947
677 705 19
132 145 795
382 403 928
278 296 874
336 359 359
483 852 17
551 750 14
759 922 75
137 276 67
551 731 259
737 940 140
137 358 361
52 208 298
180 293 538
322 415 794
613 653 744
715 755 655
609 782 403
215 445 300
764 883 253
301 591 38
196 773 69
510 635 53
313 405 255
941 970 179
957 988 823
110 141 480
218 420 16
226 320 520
450 588 400
482 552 920
213 483 279
379 512 216
380 393 49
243 360 217
387 584 260
239 292 668
82 246 468
72 171 90
371 516 274
615 686 296
507 631 226
494 655 501
797 892 64
656 669 273
232 337 122
205 239 787
748 782 642
293 360 97
119 236 322
41 174 150
447 764 184
418 454 563
785 928 114
736 845 741
69 538 172
827 910 54
185 249 444
505 633 390
464 556 523
331 436 240
530 538 777
360 554 171
675 715 594
627 679 402
890 960 391
137 516 59
538 558 629
906 977 959
841 887 744
550 664 719
309 757 166
253 339 83
42 637 68
763 829 505
747 790 657
515 659 499
567 738 271
231 255 371
640 848 123
257 298 781
274 413 22
177 479 138
205 289 926
201 457 88
395 639 39
99 577 147
351 440 640
531 862 133
550 777 349
61 378 51
444 454 173
164 251 188
138 191 155
783 797 119
514 858 159
140 146 362
232 247 759
112 154 747
836 990 373
95 373 91
548 743 387
30 95 896
344 415 376
135 294 465
225 574 218
9 20 427
684 749 700
796 867 20
352 541 317
734 972 208
19 181 365
664 730 534
367 486 561
584 771 63
505 594 244
361 844 143
130 200 995
499 579 621
672 679 762
81 202 83
86 278 235
854 954 634
206 932 104
565 662 555
423 485 619
330 701 91
686 986 233
546 855 223
457 756 162
629 664 305
760 883 203
227 781 19
499 895 107
789 809 964
203 272 310
220 784 127
503 776 83
246 849 115
49 559 3
11 380 89
318 510 161
412 549 577
292 408 168
856 860 468
258 261 434
756 790 458
477 736 30
447 767 9
874 987 621
179 536 8
574 998 120
317 448 589
720 871 213
778 906 173
205 307 203
776 847 922
568 757 397
482 779 45
201 323 610
439 550 106
282 420 367
308 354 380
143 287 241
161 539 140
843 872 931
213 349 371
320 364 863
168 926 2
198 505 66
43 430 153
175 850 42
176 303 498
269 406 405
132 597 7
30 341 163
82 218 271
448 517 516
248 706 137
284 299 410
612 730 472
508 800 9
243 349 256
716 804 673
99 625 45
805 856 583
191 754 104
244 651 30
448 462 261
78 81 551
2 157 422
66 121 758
412 447 979
335 403 178
385 451 316
731 883 277
110 230 581
789 887 571
569 885 234
706 778 740
606 651 836
22 62 355
372 545 113
368 452 412
686 697 466
647 926 196
637 932 35
13 329 137
947 957 3
870 881 485
319 644 69
612 871 151
311 384 213
638 903 308
82 427 16
644 778 381
125 223 570
558 637 470
471 534 994
573 860 254
50 124 33
674 692 985
279 833 133
83 222 475
804 944 49
191 255 22
50 423 117
484 543 330
72 161 884
380 559 97
426 567 282
186 370 369
157 194 522
256 296 155
567 637 881
93 424 215
291 514 193
729 733 176
4 76 262
226 296 948
154 887 102
233 289 66
435 579 95
258 312 963
338 376 218
636 675 335
566 810 10
345 378 552
389 598 210
748 904 365
291 343 12
18 317 29
600 751 285
382 398 136
246 423 108
130 262 325
243 262 173
176 210 635
604 679 884
333 388 429
188 245 190
726 926 163
473 823 67
609 707 469
397 417 894
455 549 531
552 787 263
496 989 10
289 449 483
738 901 159
179 271 399
325 390 358
626 814 309
50 89 511
65 229 472
54 625 113
134 305 85
549 585 725
365 440 965
561 614 268
497 568 824
436 667 356
791 980 287
587 610 90
135 427 157
799 922 380
429 554 468
249 796 2
365 678 158
554 828 74
887 931 665
258 271 253
638 745 83
748 759 754
160 265 361
897 930 889
96 145 309
835 931 599
87 798 110
81 665 126
635 807 302
381 455 408
324 356 804
688 767 838
1 42 562
661 740 675
837 950 207
143 455 78
217 417 58
589 747 313
452 497 822
636 697 608
787 856 531
40 430 17
210 276 633
595 741 347
46 618 80
233 427 227
342 530 387
828 844 363
462 546 388
517 666 357
287 478 370
202 213 771
398 450 795
506 550 847
436 481 227
235 449 290
14 163 166
200 474 146
303 471 141
491 567 987
695 846 14
566 635 376
325 735 33
919 989 716
246 724 56
117 570 110
103 208 152
35 212 110
193 414 69
104 227 632
912 941 329
430 444 519
54 184 9
883 908 454
603 851 302
312 417 33
801 834 423
63 474 193
397 469 753
25 104 87
272 290 882
372 612 334
326 343 270
416 469 430
186 442 270
486 977 13
396 474 596
3 39 995
252 260 280
815 959 91
371 509 394
31 296 4
751 928 264
366 372 474
268 823 20
354 399 740
329 526 90
345 553 394
514 595 287
120 331 187
256 331 358
607 630 949
383 776 120
540 920 8
661 832 292
681 849 352
281 443 36
279 410 122
162 397 180
786 873 930
438 712 105
944 984 835
399 445 203
341 645 88
621 690 858
662 731 551
291 532 53
47 200 376
521 691 178
141 616 92
549 598 310
402 650 52
112 326 343
651 694 341
182 709 76
740 794 633
700 771 864
869 899 325
259 468 259
783 875 369
572 577 789
74 282 374
593 811 244
426 470 82
50 112 104
398 795 37
704 719 539
469 758 241
151 275 60
209 217 225
333 342 842
58 738 14
371 525 186
135 392 30
700 737 431
617 795 182
767 830 32
442 449 231
182 851 30
56 955 72
693 885 39
832 928 251
662 934 166
926 993 583
90 176 517
885 900 840
849 946 40
633 734 70
50 123 46
872 977 529
681 694 616
83 89 139
19 301 76
473 597 568
480 611 438
38 807 24
240 382 129
334 877 34
331 542 179
110 150 98
33 845 46
909 938 90
758 818 282
175 182 444
42 129 816
476 555 912
710 752 567
876 908 425
496 556 897
60 462 46
345 356 960
899 902 544
847 882 735
780 895 703
111 590 120
195 659 61
445 536 729
611 839 344
202 452 94
635 704 33
863 912 616
740 812 497
444 661 379
385 449 67
731 901 37
163 538 220
666 763 714
88 106 320
542 595 619
160 245 777
137 257 571
811 960 385
131 238 514
595 627 177
605 995 60
80 457 138
600 709 548
214 982 69
270 594 182
292 709 129
689 857 477
495 498 18
496 511 96
882 908 582
236 633 97
528 562 502
277 516 155
416 548 316
204 467 35
144 206 98
192 898 95
146 205 923
283 960 61
747 994 84
309 349 824
614 787 414
123 270 273
25 556 68
116 966 86
425 460 266
206 323 225
733 780 644
73 698 90
20 260 256
34 243 101
365 399 138
138 828 87
316 397 707
489 775 290
609 869 127
214 822 58
616 837 174
203 278 664
432 443 745
98 476 89
830 989 248
576 655 692
499 686 327
900 959 677
667 732 970
902 916 279
208 232 85
821 916 143
859 873 149
538 574 685
528 702 23
431 489 741
80 115 662
829 992 436
333 489 508
814 890 563
877 939 770
739 781 453
247 322 320
176 362 382
893 996 630
240 515 125
241 854 77
592 783 373
317 618 205
510 660 460
390 986 55
287 369 868
750 956 295
98 655 143
446 758 239
815 858 585
26 77 687
613 912 177
119 213 852
633 705 8
620 681 441
714 841 81
887 936 868
286 411 247
285 718 114
809 864 318
756 846 561
629 634 368
815 940 416
618 763 118
600 923 238
855 960 738
584 724 435
283 295 403
2 183 1
48 125 897
601 721 270
42 161 488
525 837 15
342 868 81
960 975 62
829 922 191
23 90 182
556 565 754
167 228 811
392 430 507
1 93 254
788 918 254
382 453 179
666 823 382
489 644 428
929 978 461
685 724 771
343 366 700
528 832 152
638 706 426
614 633 698
354 990 127
605 763 220
423 523 645
73 885 71
66 106 382
365 662 60
446 467 12
103 571 32
212 269 267
605 686 551
561 727 108
396 511 454
233 667 53
834 889 193
632 743 304
730 751 166
40 591 110
782 998 125
182 294 685
869 885 424
134 383 79
97 403 58
113 846 80
704 837 297
274 619 144
97 323 164
924 975 992
424 429 620
715 749 909
200 203 846
80 881 61
799 849 925
210 345 568
283 512 270
128 315 145
20 639 25
377 504 176
734 973 14
51 133 997
261 408 409
376 435 700
216 273 891
129 192 395
287 487 278
151 556 47
419 570 536
665 778 686
417 533 79
452 661 182
218 333 636
403 763 201
137 543 26
778 800 60
170 298 309
279 456 383
42 255 65
165 248 323
451 809 97
101 734 61
137 223 287
480 567 209
707 787 868
319 528 63
659 795 198
616 654 570
621 710 607
498 592 644
750 808 985
289 681 175
341 421 832
218 829 123
111 204 51
560 577 730
806 969 298
411 465 195
598 691 786
520 597 1
855 933 446
72 138 668
378 613 186
436 561 445
835 908 927
15 404 11
717 743 398
391 488 781
205 952 13
561 676 579
314 864 15
404 656 157
697 932 265
33 104 462
654 739 572
283 294 526
705 724 342
238 594 134
220 251 261
249 355 271
752 866 284
131 162 933
388 882 123
723 829 518
1 156 81
149 313 167
690 840 106
34 471 20
273 454 4
177 278 545
330 416 425
642 682 359
283 717 95
103 185 362
553 996 25
550 632 962
519 686 32
62 138 149
304 355 315
468 994 100
648 663 108
69 994 12
11 122 381
562 779 223
359 387 942
234 287 371
180 478 191
292 320 592
868 898 222
716 970 316
632 734 318
129 681 66
111 538 92
60 387 33
156 244 346
618 866 110
129 183 192
262 542 101
875 957 610
894 918 500
262 343 650
177 636 68
833 881 25
323 499 236
729 886 221
389 869 129
820 946 15
16 127 186
510 652 194
488 613 185
829 856 110
763 797 784
898 967 867
765 770 684
38 804 91
115 243 211
265 281 668
303 384 101
322 377 327
590 650 818
635 684 709
659 918 123
305 432 202
338 349 522
28 290 33
42 96 283
422 768 121
339 391 452
235 285 850
233 439 361
628 974 127
875 888 774
251 293 986
387 430 709
840 983 570
481 555 11
561 604 272
405 467 184
446 723 97
209 261 261
344 463 519
444 556 280
237 258 608
433 436 520
312 380 765
566 884 157
797 832 605
255 274 357
697 736 463
24 40 114
306 359 737
50 209 225
189 304 533
523 680 14
701 728 384
371 477 784
369 409 478
263 792 106
301 645 114
279 565 219
45 831 37
33 536 11
68 139 326
327 356 643
129 204 374
373 511 474
503 628 412
542 644 718
215 777 110
29 245 119
747 758 460
113 488 160
631 653 745
57 825 101
615 706 591
331 352 233
357 519 55
517 585 707
854 870 528
275 299 742
71 288 94
384 487 261
389 491 73
107 287 127
413 484 638
466 878 58
614 691 830
777 811 878
966 981 478
43 809 18
436 515 663
237 273 749
68 107 447
735 765 429
96 643 130
404 412 291
663 878 352
419 438 896
5 959 12
17 28 947
414 525 264
786 802 343
803 931 148
153 647 10
165 576 189
929 937 276
139 285 271
646 655 181
917 950 145
280 408 32
245 894 46
850 862 737
266 308 105
228 951 41
494 925 183
128 663 126
44 165 236
210 324 367
828 862 960
482 659 371
802 822 325
316 748 160
340 375 982
317 634 25
196 290 314
425 509 564
761 808 773
587 708 239
888 903 862
110 124 53
649 685 86
957 979 593
426 798 35
622 688 629
718 960 34
438 693 300
62 897 93
860 950 58
286 385 545
43 287 287
151 391 28
266 776 146
651 839 139
638 743 756
344 393 9
415 498 138
123 636 78
590 806 329
507 532 234
593 688 217
762 911 103
193 198 184
301 499 367
154 520 178
514 715 373
949 994 421
68 282 295
323 388 360
480 912 85
726 741 358
509 786 215
522 707 241
769 844 914
653 666 1
224 447 67
53 511 93
430 662 341
895 943 942
603 918 233
309 420 622
923 982 724
331 589 209
335 641 64
736 780 95
512 613 308
33 118 271
261 537 12
518 560 745
711 952 104
139 245 595
361 460 48
544 585 139
157 200 766
248 544 40
416 468 870
241 808 5
211 723 112
312 545 20
398 437 855
178 682 6
614 764 75
139 692 116
23 131 570
468 529 513
28 113 514
331 510 454
177 564 177
518 621 301
569 739 51
270 476 149
58 175 227
687 789 364
165 576 120
46 694 112
242 412 82
25 280 10
374 499 461
385 502 518
447 450 299
401 751 25
372 973 81
589 699 161
889 920 252
47 205 45
576 640 353
794 833 1
269 479 125
573 710 572
836 863 218
602 620 981
662 727 581
532 573 315
803 894 656
158 452 270
820 906 527
449 879 20
487 943 96
420 529 533
385 697 84
93 397 76
940 956 378
246 839 55
824 830 666
93 180 732
227 283 15
759 839 117
374 585 40
655 683 437
515 576 972
950 993 851
331 725 115
932 937 543
938 975 859
459 514 7
176 601 67
95 128 796
238 936 39
213 292 785
269 616 59
113 173 413
762 931 129
174 692 117
80 770 15
16 248 291
98 142 908
214 296 130
621 673 425
507 532 618
221 666 41
15 92 361
476 541 565
643 660 291
436 454 670
157 166 434
122 642 157
40 257 347
787 795 55
260 522 271
838 845 150
127 945 73
596 693 448
821 872 495
804 861 975
505 533 623
140 668 123
144 366 354
50 120 732
806 885 682
385 695 187
389 629 85
222 244 755
330 739 32
645 808 426
444 772 133
949 969 730
347 480 476
831 884 47
11 25 773
387 608 334
105 175 270
749 766 544
446 908 70
604 647 921
297 549 303
767 868 805
515 726 193
216 277 402
250 516 291
53 591 60
687 772 131
235 538 19
716 864 80
638 844 177
653 942 31
621 817 364
138 837 109
428 433 701
112 627 4
278 414 592
399 717 30
141 162 148
505 663 193
195 204 251
527 542 786
569 701 106
210 471 136
193 906 83
205 375 63
603 686 5
44 417 54
661 755 338
412 591 34
49 60 776
318 981 6
811 826 134
74 90 175
268 322 555
373 977 131
82 132 219
420 583 337
392 784 56
192 224 730
5 138 601
651 802 148
353 562 178
42 570 77
396 563 347
620 656 909
671 716 561
6 76 690
296 694 109
59 170 168
477 834 92
394 404 733
660 804 287
841 957 250
471 692 207
578 695 449
13 106 379
573 619 430
390 560 333
10 92 126
364 452 349
815 900 671
817 883 405
75 817 4
437 495 554
473 992 3
337 490 41
184 716 90
746 890 471
784 885 199
290 591 167
454 658 30
508 875 156
23 533 12
352 747 44
185 914 20
99 151 721
290 520 243
141 216 108
183 390 124
317 608 22
135 958 36
54 225 12
780 846 649
235 316 382
235 910 103
927 972 386
453 678 266
580 647 946
861 872 978
746 843 631
248 263 624
115 783 61
486 562 350
684 732 449
284 798 155
206 365 205
377 568 390
215 327 386
870 960 883
101 898 99
328 448 507
865 937 782
65 68 155
131 225 305
333 341 53
404 858 138
92 221 223
210 437 121
513 562 12
781 966 301
611 727 659
573 598 799
86 165 269
603 871 152
806 812 541
438 527 532
101 235 583
95 480 52
836 886 238
273 427 137
311 335 527
323 366 608
208 463 290
457 640 168
269 463 270
484 513 975
523 550 643
46 95 74
291 385 485
83 199 273
310 435 41
531 604 448
421 551 279
229 387 420
17 324 203
191 269 60
374 390 711
294 430 286
75 180 266
166 330 105
445 562 495
426 474 510
204 505 87
119 217 27
426 927 114
488 764 116
5 912 59
244 359 213
209 339 44
431 804 25
924 963 722
30 658 112
669 695 319
2 337 161
440 939 57
49 298 35
107 919 58
625 691 84
902 941 628
443 807 81
9 35 932
813 960 555
505 510 567
13 193 286
207 345 554
642 730 353
600 678 664
187 427 20
557 922 201
537 688 44
763 843 898
739 818 728
311 637 206
120 381 32
747 837 126
480 674 287
220 421 30
239 448 76
116 254 152
625 675 170
442 657 383
170 952 57
973 993 31
408 739 57
42 723 117
638 657 714
57 92 929
97 147 696
737 760 996
623 676 675
328 680 42
294 304 521
273 470 392
31 48 317
5 14 911
652 802 469
393 958 24
211 818 28
359 400 379
433 483 904
138 201 409
578 582 943
127 803 110
280 802 103
317 434 428
8 299 195
456 680 275
107 215 692
39 801 98
754 793 256
62 313 107
32 88 833
328 588 207
684 734 207
378 455 900
211 313 33
492 596 312
193 296 434
759 970 126
225 903 61
344 388 488
348 372 938
254 471 282
267 891 30
849 860 449
348 473 90
579 654 435
347 358 905
333 817 153
512 568 478
177 253 743
831 852 501
345 411 165
816 822 228
639 650 129
899 966 192
393 560 261
137 546 201
263 438 103
313 393 150
126 488 67
374 512 268
94 229 179
530 658 125
888 973 278
538 986 166
761 828 730
343 916 104
525 611 659
32 745 116
685 919 53
552 780 273
191 654 151
69 125 581
724 783 460
498 523 988
257 693 71
922 970 628
381 469 283
331 682 35
67 118 16
23 806 73
479 497 481
718 767 79
274 297 349
886 995 52
144 259 141
327 420 606
776 986 62
481 492 907
326 388 24
734 819 919
107 663 114
774 833 383
374 776 91
974 978 953
607 728 116
637 688 597
562 720 107
405 715 139
612 677 254
307 378 723
327 451 384
363 621 210
439 473 202
82 626 39
182 400 73
184 474 164
42 77 49
313 642 37
470 614 85
20 97 126
12 365 145
245 257 479
112 716 22
17 204 277
49 271 222
796 822 882
58 279 190
491 939 11
384 439 793
368 543 117
275 561 90
162 221 226
543 913 216
408 898 49
471 566 96
46 68 822
434 489 730
139 196 369
835 953 48
456 599 87
433 680 252
310 346 204
454 496 993
654 773 181
249 252 501
358 603 238
543 702 304
108 139 779
855 956 78
777 804 642
223 252 862
420 525 661
133 170 602
478 826 177
861 957 653
498 851 184
646 848 5
144 422 34
206 968 83
108 333 362
494 596 660
461 589 605
481 590 480
271 831 133
303 495 25
350 688 84
721 839 94
508 554 649
202 390 377
16 58 232
714 905 210
585 602 98
750 798 283
5 85 168
394 461 399
67 281 10
97 969 79
428 542 395
507 754 115
85 149 115
335 840 154
678 707 3
17 41 359
360 396 20
435 506 831
288 410 119
312 777 87
839 912 323
890 976 47
579 648 352
952 970 852
294 385 108
485 520 958
301 364 12
406 664 301
246 351 123
18 877 4
493 538 919
869 923 96
464 472 734
473 667 27
332 535 5
50 96 989
71 140 329
431 444 277
360 628 22
317 882 14
47 601 112
632 758 616
423 632 296
54 762 101
270 430 117
93 218 95
789 927 320
598 819 43
158 190 466
576 853 246
38 52 129
815 984 200
831 895 655
51 106 528
270 836 70
98 252 142
256 723 85
800 937 55
306 426 456
323 685 203
299 737 9
363 692 18
117 556 88
911 1000 552
596 742 518
188 351 214
386 550 255
732 917 131
630 652 829
5 25 752
904 971 382
628 705 591
123 151 390
348 388 664
657 685 843
30 50 918
354 512 324
383 405 382
359 398 711
163 359 232
505 620 25
650 708 312
204 517 181
335 460 584
343 786 76
16 729 102
178 359 286
814 881 431
836 853 688
355 426 802
488 529 159
867 936 280
539 567 802
192 353 143
63 788 4
765 912 202
240 325 252
334 629 159
716 801 687
461 497 443
199 482 138
121 753 62
433 444 152
509 935 140
152 540 64
641 718 138
31 703 50
768 860 492
738 980 217
214 818 37
420 661 149
416 616 391
480 532 286
332 532 284
328 735 29
384 590 131
81 596 46
615 868 60
680 834 198
319 620 35
554 684 342
434 492 275
327 861 5
218 726 65
335 389 22
700 904 289
219 496 94
509 940 152
619 638 849
539 591 960
373 408 711
542 755 340
141 161 499
121 168 173
198 286 178
405 466 472
60 236 461
43 290 184
9 522 136
52 177 453
57 66 289
633 649 747
782 831 211
352 373 590
211 447 230
309 597 183
400 507 622
537 703 347
802 988 10
343 862 110
93 106 978
941 972 285
710 815 406
538 981 25
155 736 129
489 918 51
373 632 102
444 563 209
615 864 9
331 616 218
131 248 167
132 556 194
13 823 81
378 671 190
10 77 859
239 301 61
56 495 121
309 791 27
872 958 277
854 896 880
824 940 533
642 725 673
29 760 71
56 75 79
409 433 985
301 464 411
457 490 373
990 1000 466
779 892 557
410 851 42
374 493 303
248 346 745
403 541 133
157 199 956
417 652 330
307 480 325
497 732 143
482 504 931
804 939 416
110 117 558
439 731 97
300 476 283
594 609 363
349 420 660
520 706 366
527 620 777
735 743 879
22 96 600
177 643 66
222 687 130
277 868 13
63 582 129
141 493 113
292 348 220
57 78 204
421 438 514
521 693 158
975 988 756
110 599 106
422 494 567
935 978 893
762 796 41
4 91 585
246 281 646
349 360 520
630 882 54
112 140 102
812 899 310
412 454 672
147 364 187
268 338 414
215 321 282
733 763 125
197 226 601
457 471 435
490 605 411
189 193 148
170 493 150
87 107 823
517 928 155
49 156 291
436 510 3
648 876 72
185 278 632
870 922 640
694 794 236
149 215 13
119 826 50
463 466 602
304 393 202
230 442 36
225 756 86
570 715 548
923 968 504
613 755 474
56 109 450
698 852 363
335 670 32
198 351 271
417 800 190
564 655 371
217 355 111
968 995 385
719 824 518
773 902 97
84 91 437
92 763 116
550 663 470
273 326 799
315 807 17
414 585 393
142 691 65
615 884 180
260 498 321
939 975 223
394 440 236
100 189 374
287 419 29
749 855 444
637 693 860
242 569 193
230 275 406
16 47 193
224 734 16
188 229 762
319 592 33
267 434 474
418 432 791
302 491 146
439 551 322
445 994 39
904 959 854
844 936 62
311 462 286
255 451 36
461 530 935
833 888 276
193 331 519
872 961 584
404 441 176
876 964 833
95 148 908
305 345 251
575 850 80
503 765 258
238 381 265
842 993 521
300 388 95
176 749 8
193 229 637
282 300 862
431 793 161
50 198 189
56 803 18
795 846 128
536 758 33
14 130 472
298 884 73
488 668 160
181 886 72
702 788 32
707 737 369
410 513 387
773 910 475
534 718 369
236 279 569
514 736 81
557 879 15
648 681 762
628 778 524
143 282 458
329 469 156
312 670 136
553 644 204
279 431 181
300 453 153
412 497 598
527 609 395
811 832 593
69 530 59
312 393 125
174 184 216
570 603 766
510 975 85
458 688 296
240 578 174
298 884 56
873 897 419
744 754 380
552 905 137
457 488 281
300 505 367
85 262 360
438 734 97
103 223 630
323 804 6
527 749 225
296 470 160
292 417 601
504 518 736
224 310 192
215 861 96
453 543 793
385 492 116
783 850 918
78 797 25
71 339 310
714 812 164
431 452 582
280 815 148
678 964 252
244 304 457
889 899 185
504 734 241
836 869 473
581 628 570
521 598 87
315 350 259
244 933 116
60 84 343
429 475 161
491 603 587
223 234 321
731 781 156
332 425 43
257 426 313
176 237 862
830 911 477
363 366 469
269 285 791
589 653 900
157 207 954
324 551 37
267 987 17
618 662 366
78 286 92
481 620 344
337 360 714
296 491 220
714 717 192
7 78 754
310 514 64
213 364 338
241 478 312
38 110 319
378 813 2
396 432 537
330 396 464
768 796 285
737 780 973
85 107 448
488 569 590
55 77 481
544 577 874
242 284 701
303 434 421
503 604 40
177 898 57
637 948 113
356 515 13
568 638 581
395 416 118
255 394 559
868 965 151
580 873 57
58 73 867
540 576 340
342 798 32
100 564 154
104 598 165
172 419 294
462 512 254
322 456 575
488 544 148
193 242 281
553 660 217
195 275 294
180 207 299
549 960 128
743 840 515
45 144 834
723 885 133
326 592 41
103 285 220
367 417 136
474 583 525
675 697 699
419 460 754
287 927 81
509 575 114
483 638 184
220 573 30
745 844 620
463 734 10
163 699 37
271 589 94
797 918 176
374 884 138
774 784 571
858 937 459
604 982 143
83 960 71
391 546 16
167 374 193
208 392 224
345 812 94
604 870 12
381 812 112
501 508 591
926 997 696
376 443 835
739 782 177
5 60 434
196 322 650
2 236 42
358 377 71
297 462 473
488 605 218
47 170 329
371 554 41
411 839 162
236 334 420
429 604 154
834 914 310
151 828 84
353 674 74
633 785 422
541 561 596
685 773 314
613 623 445
77 100 475
57 254 365
643 756 602
133 775 99
266 559 24
675 735 68
210 224 648
101 131 564
577 588 814
404 872 155
83 274 10
737 991 316
819 927 547
62 118 285
471 565 342
343 636 283
278 316 945
18 306 42
532 669 328
288 474 407
768 881 291
441 657 148
784 819 389
823 845 396
269 590 250
112 353 78
298 651 186
812 858 795
183 318 216
671 895 51
160 193 36
603 678 952
779 827 205
596 607 67
257 301 549
535 690 461
726 809 338
706 809 594
186 293 429
393 917 53
492 585 416
133 148 654
341 444 335
823 974 177
287 643 123
784 885 245
771 915 456
234 306 431
54 828 13
466 687 173
30 93 724
463 640 117
321 492 267
481 533 589
140 192 60
717 745 480
435 464 968
839 886 920
296 319 725
935 957 546
556 625 646
158 392 17
522 595 901
172 770 54
322 340 580
253 319 618
402 640 177
763 767 905
743 804 679
765 873 197
166 187 95
141 181 155
777 847 802
923 948 707
417 566 197
340 872 60
894 925 264
826 887 609
166 882 51
399 684 167
362 411 425
577 592 142
216 361 482
120 207 200
413 526 356
283 384 249
161 228 620
360 500 395
514 776 80
646 726 946
543 615 231
512 574 779
260 327 988
331 821 166
43 132 550
675 789 577
346 438 382
839 843 437
22 296 174
970 998 682
688 812 650
12 70 290
551 606 925
926 940 720
861 922 854
667 928 265
742 878 284
79 180 30
91 594 147
580 770 395
315 611 205
461 533 650
767 810 441
246 339 730
633 784 174
256 615 123
43 165 464
683 866 200
37 318 61
667 819 333
382 522 523
30 659 104
173 406 267
239 411 255
300 368 719
581 665 115
120 300 57
542 579 1
96 145 879
828 992 283
581 861 167
25 129 46
282 355 344
242 263 751
185 527 237
736 750 219
517 554 736
267 625 15
624 697 569
797 823 580
572 938 123
121 174 125
212 500 100
348 373 881
159 249 435
396 464 316
898 974 874
556 791 336
137 153 315
465 688 59
220 880 16
657 773 547
544 626 111
744 944 89
547 700 430
244 390 19
167 326 359
17 51 506
840 928 838
132 341 4
316 385 89
57 426 59
266 275 81
817 869 327
954 966 487
26 745 78
51 71 188
238 285 756
207 298 611
250 257 907
715 855 173
614 816 128
382 488 169
50 567 144
331 446 368
309 681 150
777 897 108
529 894 63
589 669 901
96 733 34
130 706 36
715 928 283
689 701 79
303 544 85
599 702 561
73 310 215
678 733 939
586 769 319
399 484 926
511 560 704
88 327 37
93 105 449
502 526 503
119 328 68
568 675 544
245 262 145
235 347 254
923 958 376
788 855 83
814 881 268
296 387 347
54 66 949
401 515 409
293 445 248
697 704 798
248 404 217
96 129 990
51 930 59
237 323 427
517 758 172
644 779 477
559 943 18
511 562 965
595 606 876
53 333 75
185 560 182
867 907 343
727 841 37
443 994 8
440 519 845
504 560 320
96 861 29
789 941 220
151 331 4
286 749 116
435 831 137
145 345 146
499 545 227
179 331 22
434 450 983
148 230 71
598 961 104
225 622 116
238 944 103
466 718 99
551 697 127
876 930 928
64 924 90
305 372 303
336 530 108
746 791 540
373 673 138
612 840 128
17 314 245
358 633 164
245 711 141
908 983 586
717 817 669
752 818 223
426 460 188
175 627 65
8 166 435
558 598 554
669 923 280
608 644 785
682 991 226
189 254 630
557 862 147
369 391 494
972 990 412
522 677 193
361 384 25
394 446 230
257 378 9
436 627 24
447 882 137
5 403 208
525 707 289
47 57 716
928 955 833
168 872 110
563 605 701
372 591 249
157 919 52
113 445 155
63 156 159
56 491 83
485 931 97
56 134 516
779 874 159
889 950 322
211 643 153
458 764 139
108 790 46
817 923 527
17 24 132
232 704 36
378 763 112
551 677 113
645 755 502
360 612 187
261 604 82
739 904 99
95 253 165
213 652 129
52 85 337
264 478 371
465 694 83
730 805 536
637 963 56
400 475 121
208 337 552
203 270 239
476 713 25
570 660 141
52 75 815
378 498 692
734 847 164
7 174 12
554 827 278
179 304 499
748 907 414
871 942 558
476 583 305
403 608 111
822 860 879
367 514 306
315 331 960
404 563 339
541 632 909
102 156 978
471 898 43
284 419 161
683 821 496
930 997 885
82 216 457
699 869 383
208 490 60
104 144 892
125 368 5
501 545 142
751 836 317
347 534 58
255 377 321
594 749 517
485 847 27
856 920 742
104 802 31
335 605 289
675 686 800
455 735 256
419 465 870
725 818 379
289 982 22
27 439 50
314 416 467
17 267 158
65 550 157
588 669 82
368 507 544
626 689 263
498 601 424
213 411 317
667 995 151
737 898 256
233 262 571
175 182 627
754 913 505
259 389 320
442 449 808
364 857 11
2 405 59
374 896 35
221 238 409
56 622 4
503 716 275
555 577 382
472 537 271
626 769 332
302 483 64
268 426 115
761 878 65
583 721 151
378 419 232
605 655 372
308 403 861
268 328 870
264 288 839
98 852 9
395 989 18
587 863 5
482 485 120
817 953 329
631 756 604
152 548 86
395 584 183
224 895 13
562 956 175
216 246 770
19 111 7
165 340 267
128 532 6
256 469 373
528 829 102
653 839 56
717 921 130
45 367 225
394 483 900
255 477 339
811 936 300
674 835 145
779 831 904
302 530 151
672 888 361
618 657 749
650 986 188
563 819 218
709 977 15
31 61 763
403 607 246
498 603 606
585 863 183
106 925 99
44 291 167
762 888 572
137 333 59
296 417 82
134 163 515
858 995 457
344 401 790
331 502 152
758 817 418
506 612 35
798 812 74
135 290 157
289 552 270
40 97 665
16 324 53
739 820 772
302 519 144
530 964 173
532 562 304
503 668 59
47 156 433
636 673 532
357 452 680
615 636 440
540 650 755
593 648 244
902 935 52
41 216 154
316 388 795
233 287 811
278 336 153
637 877 220
587 766 316
283 313 452
608 895 46
10 105 128
889 915 578
831 878 943
104 130 316
934 968 788
546 825 293
80 103 383
816 859 536
401 418 72
49 54 511
353 557 250
211 401 388
824 943 156
247 296 354
81 294 324
155 361 404
910 992 893
361 463 84
434 641 315
477 733 286
187 228 743
179 644 164
71 856 91
196 960 102
834 877 160
828 967 403
783 858 478
482 695 361
393 617 303
370 382 53
228 351 340
815 847 827
27 136 214
225 327 622
123 891 29
531 615 474
23 107 544
675 988 166
742 896 256
399 671 234
113 488 218
926 960 112
665 755 244
247 923 98
105 126 845
717 796 821
307 329 588
341 580 266
268 451 49
229 692 64
718 770 763
1 164 441
882 981 605
308 406 354
337 441 508
134 153 947
157 472 119
373 653 247
130 734 61
473 576 395
16 725 54
392 474 532
59 793 109
780 916 40
117 121 783
553 579 202
404 951 10
688 881 280
50 359 64
640 739 154
215 222 180
523 638 571
870 904 607
563 644 83
133 147 155
400 438 738
51 246 308
586 732 565
542 676 594
9 193 395
325 399 25
160 316 479
623 907 109
168 216 894
250 451 161
266 458 79
596 666 332
422 461 339
370 385 129
523 791 152
754 867 14
345 354 71
253 392 28
170 707 5
417 524 86
430 557 348
167 184 825
685 799 244
797 962 224
495 698 29
254 366 186
64 115 653
731 757 991
516 527 175
850 902 151
561 586 61
625 787 464
752 840 771
183 354 338
812 838 40
868 962 709
187 931 17
713 866 417
206 593 117
564 754 163
494 600 235
651 837 403
731 752 778
444 449 53
4 21 933
36 99 272
824 869 456
28 303 80
39 991 45
123 590 23
36 91 886
960 997 724
758 947 378
433 574 115
512 731 367
37 47 359
177 284 196
589 844 282
823 848 228
694 719 147
338 438 86
799 809 331
211 658 39
322 556 268
636 692 151
120 744 36
565 759 320
591 736 221
437 525 890
18 262 196
46 83 577
443 767 78
1 91 453
395 713 202
422 508 538
702 932 169
708 914 101
366 526 395
386 594 227
327 416 852
848 870 900
739 776 360
672 811 512
129 756 53
680 771 215
47 176 503
461 464 257
761 859 245
297 439 506
640 705 311
616 678 444
305 310 558
204 244 877
601 676 986
278 340 847
474 526 991
150 669 137
338 658 211
115 246 465
813 869 125
269 368 720
389 405 534
71 716 101
388 750 1
223 629 120
391 530 183
600 699 557
498 563 120
276 495 92
523 641 96
592 737 255
330 452 67
769 866 394
310 456 38
620 644 546
751 797 754
83 180 377
398 472 828
132 561 149
595 885 61
143 209 859
795 842 177
137 310 216
16 766 104
718 955 309
111 468 66
422 566 315
456 829 74
276 351 331
619 669 815
443 487 471
657 726 120
6 201 204
891 928 145
732 751 347
680 873 175
226 229 650
626 726 594
363 447 326
266 555 100
310 460 126
613 729 636
636 738 67
73 786 100
510 549 762
85 263 11
916 953 865
354 530 98
238 725 30
327 338 540
468 543 689
355 619 209
442 496 49
637 881 207
81 98 718
404 621 99
435 579 273
55 238 327
464 498 564
45 67 345
335 458 442
67 495 76
185 829 27
523 529 76
936 956 541
523 624 274
124 145 479
226 363 236
751 804 436
274 466 356
208 246 758
173 405 155
167 253 932
237 437 33
92 181 23
168 257 513
334 432 589
70 168 139
129 237 239
532 591 956
655 713 936
407 580 300
35 95 440
197 270 175
262 454 307
730 826 471
742 840 761
112 222 548
358 447 747
237 240 604
258 345 914
727 998 146
439 481 872
485 928 175
36 964 25
280 333 556
122 439 230
833 874 218
487 635 288
781 839 758
497 955 118
750 773 583
619 694 446
785 990 196
625 727 782
384 813 80
520 855 131
618 810 139
701 768 993
605 914 91
190 207 502
725 940 242
694 791 127
370 876 87
220 240 928
243 755 99
91 176 638
78 636 75
403 546 370
174 414 10
232 256 900
593 671 721
672 711 409
15 317 261
614 755 572
519 776 9
547 946 55
772 847 964
281 297 328
114 124 420
17 209 333
415 738 213
633 704 618
330 422 407
88 173 30
301 566 138
162 366 78
342 959 76
237 542 82
242 417 81
21 467 1
708 716 816
745 818 420
749 888 339
399 445 314
156 239 472
131 619 12
753 849 65
250 344 379
434 508 414
21 546 48
606 730 604
373 481 310
410 421 208
92 209 125
492 739 108
443 790 173
546 597 378
696 717 765
427 684 298
140 161 329
653 893 60
432 497 169
462 784 116
9 348 43
323 366 81
329 710 160
430 845 196
246 818 131
503 540 824
748 870 680
521 732 205
523 645 245
84 115 775
758 784 923
298 670 99
438 697 74
753 818 454
530 581 319
148 365 154
757 811 115
159 887 109
92 440 81
690 997 77
314 319 762
123 211 20
92 425 92
277 829 122
71 115 555
504 698 188
389 787 185
670 829 60
629 736 389
608 618 13
375 432 236
477 705 50
24 39 851
3 33 228
530 936 36
103 163 808
132 645 38
518 722 316
592 715 90
522 572 62
322 363 176
609 835 305
129 392 53
387 658 1
112 213 599
155 217 58
204 308 277
195 866 109
577 585 529
129 260 601
697 700 905
306 385 870
697 901 390
105 241 585
424 461 555
377 399 883
570 661 634
170 331 317
257 566 35
166 267 815
503 608 185
838 977 499
484 576 24
169 996 20
115 290 442
374 531 344
67 370 265
111 478 128
560 707 533
733 791 11
54 160 159
549 790 187
281 436 10
222 282 606
191 206 131
917 923 903
158 494 170
257 538 11
47 215 196
805 828 929
562 795 136
526 601 601
131 177 258
893 959 937
109 242 329
284 353 660
13 280 65
239 279 795
416 503 767
132 135 208
29 386 160
76 985 77
291 503 258
2 59 413
606 623 732
607 646 187
690 791 466
24 463 172
56 119 544
542 783 220
593 793 343
426 687 107
431 636 190
735 970 225
382 522 99
489 502 192
184 207 881
788 828 115
662 700 237
269 596 168
825 925 485
669 874 62
161 167 634
841 946 735
354 511 95
90 576 153
405 425 344
116 200 320
483 527 829
539 837 202
624 632 906
174 774 81
445 491 526
850 933 387
378 501 449
407 600 364
644 705 579
662 814 406
115 866 2
484 489 769
513 697 391
228 740 19
709 786 981
444 467 313
54 412 219
277 318 920
664 850 181
677 751 527
735 785 598
82 885 52
406 433 471
607 753 54
841 857 608
457 492 158
122 158 953
521 884 229
565 570 354
121 790 31
29 156 162
698 821 454
624 701 317
391 420 723
882 962 816
337 445 276
807 977 351
318 329 444
609 700 220
55 146 858
721 941 236
65 538 144
339 390 417
356 404 228
374 398 390
570 636 246
767 887 689
499 630 265
831 961 426
288 545 322
565 799 218
401 435 278
953 997 16
432 450 772
691 1000 260
4 31 739
127 132 793
63 315 152
409 774 162
310 373 659
238 389 370
5 206 357
126 812 107
517 568 338
187 308 530
76 232 270
843 920 499
592 668 524
857 870 438
173 253 398
464 473 129
916 964 329
741 802 824
450 904 71
398 481 786
489 709 139
548 557 314
369 626 222
466 808 66
238 475 194
122 128 201
150 409 118
570 719 63
661 759 434
726 773 723
612 638 443
683 897 159
524 753 312
637 711 202
116 288 156
601 735 225
61 211 294
93 610 129
717 916 217
447 528 235
237 743 34
504 655 309
747 861 568
7 839 93
763 903 105
522 566 895
121 717 14
158 314 44
735 854 83
586 865 233
263 325 315
46 445 61
426 855 42
143 198 576
232 260 857
85 117 426
97 319 286
270 544 158
123 408 11
221 277 240
23 529 22
427 478 509
271 384 475
285 491 73
390 580 438
829 857 729
617 621 68
143 659 102
319 369 842
691 737 475
273 354 202
478 918 148
754 854 704
681 731 335
751 866 174
485 604 358
170 539 200
536 977 113
38 147 749
570 583 450
67 485 35
448 640 410
686 769 636
819 957 318
217 281 551
468 862 184
62 739 23
489 588 334
221 243 18
693 974 284
546 595 203
170 328 85
381 757 143
316 932 83
104 608 138
724 826 412
545 657 473
278 503 118
626 718 50
712 925 258
296 468 218
376 445 9
245 387 352
363 374 146
170 657 51
733 928 128
665 677 911
249 692 118
787 989 32
567 826 280
673 974 118
53 297 105
306 314 370
265 282 820
426 444 493
534 619 462
529 592 895
701 881 462
631 758 215
637 647 909
581 978 152
46 790 8
77 117 281
691 903 150
64 223 344
377 457 164
615 816 352
715 775 852
367 441 670
561 729 279
219 481 169
180 300 130
486 634 292
95 736 34
94 468 9
430 483 871
18 72 839
202 219 414
898 935 74
158 707 5
544 720 87
286 421 263
270 281 343
667 765 247
356 469 211
994 997 338
455 560 371
388 432 608
821 881 267
562 612 697
13 365 236
79 649 120
139 428 81
20 93 598
323 639 132
368 473 240
560 787 273
811 857 957
153 670 22
624 704 676
174 334 341
439 531 559
108 909 4
821 939 388
669 703 284
836 898 871
707 885 28
303 841 101
144 325 402
777 879 309
552 567 418
462 672 388
110 255 269
963 982 917
217 533 106
254 599 127
425 857 122
65 194 235
444 458 714
395 978 125
143 408 25
322 794 142
645 697 175
569 624 170
317 392 680
192 221 879
68 374 72
612 667 150
411 414 132
344 383 560
359 573 78
343 861 54
462 601 32
874 988 572
108 139 134
551 732 456
349 492 159
208 547 149
426 475 27
17 189 351
246 402 171
202 289 495
372 936 105
447 912 93
348 660 139
194 316 303
215 367 187
453 529 213
496 568 986
762 826 285
552 871 136
207 266 692
577 610 867
496 581 253
634 724 488
171 183 396
299 472 464
400 455 48
293 311 677
194 240 946
365 976 65
212 648 74
312 496 396
380 614 109
452 898 29
705 717 677
73 125 67
611 710 30
47 95 170
905 962 308
725 801 345
388 528 342
318 358 57
748 890 478
177 301 320
406 475 993
602 988 8
246 268 512
473 593 49
256 667 55
192 195 279
178 360 162
586 683 859
409 449 408
268 331 110
695 713 422
159 354 358
65 220 406
221 927 23
150 243 144
437 783 29
537 607 419
683 710 863
809 977 402
655 912 84
389 416 223
122 147 293
507 634 577
452 748 128
279 305 327
246 401 167
717 788 467
748 938 169
808 953 42
283 476 351
482 780 143
529 737 175
256 846 120
251 339 196
314 731 198
297 340 226
739 757 875
898 985 793
854 864 107
176 526 56
85 305 103
838 910 670
401 785 205
778 878 135
723 773 579
507 604 549
756 789 67
760 983 199
121 338 262
832 840 392
356 648 237
418 520 414
307 424 258
135 579 178
47 161 19
198 292 863
777 781 740
893 952 22
606 609 139
917 967 862
533 538 683
670 947 163
225 348 173
519 528 999
399 970 48
91 464 46
716 748 224
289 417 182
672 791 417
848 983 15
608 693 943
533 547 866
400 576 274
154 690 125
185 209 889
815 925 34
191 295 426
766 864 850
804 815 714
677 697 392
629 920 98
49 295 234
109 441 243
510 808 174
657 747 279
518 530 504
796 806 686
106 148 341
237 275 277
644 775 122
45 410 16
271 370 482
149 190 286
351 813 134
287 649 129
597 655 762
78 103 636
47 693 16
89 95 543
677 703 617
355 397 154
610 878 191
616 632 789
575 774 268
324 925 49
625 812 254
544 748 169
904 921 373
143 957 94
328 554 181
450 498 36
345 494 154
689 730 575
586 942 33
606 695 347
511 726 216
93 158 380
378 918 81
125 476 60
31 60 295
303 345 775
58 574 41
303 462 29
150 192 35
449 639 21
678 745 29
52 304 95
764 899 94
69 962 60
470 782 76
31 498 25
675 976 124
105 128 130
375 653 6
629 857 15
852 906 848
505 880 122
304 610 130
431 565 265
227 281 77
500 635 576
19 753 55
485 761 254
17 790 41
91 120 370
741 949 36
447 864 91
503 740 199
386 394 588
555 709 421
829 916 481
206 340 459
913 934 139
373 588 10
214 297 414
436 984 107
228 447 372
12 231 119
17 129 363
600 683 45
479 763 284
403 758 155
325 395 391
287 934 18
331 386 507
622 650 56
546 624 874
405 641 241
656 660 180
340 411 150
97 942 4
688 820 624
808 892 548
219 246 33
864 887 236
221 274 117
890 973 9
229 351 679
501 931 124
83 174 584
535 968 19
214 687 155
48 859 36
166 207 971
701 737 512
338 449 397
481 751 48
768 831 788
181 564 194
148 868 68
4 61 582
572 605 862
199 329 572
407 520 705
867 885 137
264 569 122
345 567 151
688 801 326
28 100 368
169 234 383
156 508 196
463 565 140
885 970 830
465 522 166
265 322 561
105 111 931
361 532 421
223 383 101
954 996 386
52 170 540
269 278 225
394 468 552
148 274 245
700 832 439
187 289 200
481 488 827
406 507 318
77 249 31
307 310 361
80 774 3
573 696 502
289 421 467
9 69 519
557 608 884
717 779 420
10 113 704
828 926 53
248 833 30
387 989 96
682 748 941
722 796 695
453 511 653
966 985 566
915 953 646
301 381 20
670 898 291
336 780 6
408 917 144
176 330 296
685 835 310
399 873 76
207 220 963
252 908 25
205 330 462
422 509 766
44 824 19
52 95 841
152 230 188
331 765 58
564 917 76
692 782 873
353 628 255
221 838 77
258 286 76
187 798 120
616 943 43
11 683 76
128 620 59
438 476 937
291 945 107
480 805 176
94 471 28
666 917 208
401 446 466
70 155 615
605 728 531
98 855 36
300 637 23
721 903 437
339 511 204
844 985 339
628 723 606
940 985 419
138 504 207
138 264 318
389 581 403
406 475 289
325 620 144
463 727 205
33 124 514
426 700 172
77 280 225
55 189 224
177 542 113
167 335 261
610 771 307
261 904 55
377 463 459
708 744 197
263 567 270
368 828 155
84 408 195
289 573 25
58 129 587
437 618 311
295 764 165
659 806 274
496 749 156
669 726 194
853 918 643
490 511 618
810 859 152
616 652 6
454 621 38
351 763 110
404 521 457
552 678 557
43 151 340
448 734 13
449 687 314
407 836 84
436 825 64
525 528 159
331 803 123
275 543 6
491 784 67
489 621 293
138 373 109
788 976 129
876 954 949
420 489 117
493 540 488
828 887 922
170 208 585
763 793 687
850 990 67
168 638 97
336 631 124
447 491 506
94 126 203
437 755 53
606 678 457
382 422 858
823 915 817
286 661 117
388 635 40
410 628 366
381 473 264
398 716 112
659 726 811
38 131 652
468 579 330
148 276 618
212 335 177
964 975 994
719 938 1
76 92 843
648 732 407
18 320 25
246 430 411
833 934 183
538 575 964
799 813 50
116 588 91
168 222 713
26 364 124
275 387 158
112 519 193
713 729 594
929 936 482
848 989 28
579 699 18
876 920 694
186 302 448
458 467 257
664 924 265
678 795 9
177 643 28
211 346 355
127 508 14
100 571 153
40 169 46
300 534 199
818 976 226
968 996 735
22 184 334
193 458 219
567 651 671
844 945 50
153 435 88
441 974 144
411 513 467
170 237 838
372 543 463
825 924 241
505 633 190
454 471 63
376 470 810
611 736 15
570 677 728
268 489 150
379 615 78
322 958 116
471 492 431
538 983 101
66 216 405
403 411 960
150 273 455
527 895 39
818 937 453
251 360 476
99 240 501
568 577 693
277 363 401
35 151 702
522 876 52
777 863 672
426 615 332
460 577 225
60 89 263
659 690 215
781 784 774
736 867 546
340 715 134
254 969 43
489 643 185
457 560 562
690 704 372
93 220 403
112 118 29
106 351 288
322 541 248
45 178 8
454 749 126
131 200 397
35 596 126
602 818 201
506 613 561
157 216 364
80 238 88
400 557 236
935 999 767
485 624 223
186 596 26
217 577 25
245 756 150
188 771 23
583 797 59
175 301 61
321 377 794
555 616 637
592 796 383
748 912 492
690 724 992
373 639 227
871 950 523
100 171 472
83 189 633
516 665 453
25 40 850
761 771 796
324 415 764
87 853 13
291 499 1
737 742 236
426 458 722
372 660 201
403 413 947
13 49 317
254 465 151
123 453 12
65 781 5
79 376 34
937 942 294
635 904 100
322 745 153
186 434 52
353 364 558
715 788 619
310 379 648
285 493 264
481 785 217
513 703 311
106 215 311
702 856 278
51 89 808
249 574 117
192 583 113
598 935 41
523 627 524
696 791 839
302 394 387
229 260 651
381 947 33
957 996 539
204 375 291
790 847 642
363 509 524
811 858 332
860 997 150
901 993 22
920 994 653
399 549 414
452 551 752
103 129 715
354 461 242
640 743 783
394 602 153
122 199 647
640 836 410
367 732 205
817 950 480
14 23 246
215 337 505
835 865 894
3 980 82
510 877 201
87 183 144
442 824 82
691 893 168
690 798 599
1 653 14
663 717 41
159 212 498
430 468 203
266 390 422
70 494 155
202 495 206
47 337 27
119 290 122
419 524 300
771 897 34
656 812 458
83 95 241
522 570 9
547 671 226
444 621 56
568 635 389
884 892 788
474 552 989
468 680 158
545 607 543
208 298 775
508 535 515
396 591 119
853 881 552
695 775 505
825 902 370
537 830 110
467 976 61
731 815 299
213 256 399
340 508 137
473 547 694
94 231 403
433 996 15
588 696 68
70 362 75
22 961 67
105 339 249
726 862 183
276 386 639
245 430 210
554 660 313
926 966 611
897 911 12
48 102 322
349 422 8
361 462 579
747 934 163
194 214 419
851 874 560
213 332 33
45 352 211
550 580 632
790 796 280
10 30 786
686 824 63
581 647 157
507 610 42
341 411 498
186 699 87
462 942 117
705 749 687
924 959 507
602 703 401
507 634 237
111 358 257
655 884 264
320 428 13
627 735 481
548 597 816
44 878 1
784 944 207
131 382 231
184 301 6
288 380 422
106 766 112
643 747 722
264 986 68
645 753 5
7 69 547
764 805 953
552 657 83
274 714 7
252 668 138
236 995 53
24 716 95
79 635 108
104 244 545
578 656 131
240 297 925
725 866 94
476 535 68
167 395 129
615 833 219
542 648 410
76 150 520
176 815 76
538 787 218
193 209 976
548 676 606
303 306 692
308 326 453
152 626 99
310 631 6
620 717 142
655 796 89
181 304 226
120 338 357
528 707 167
10 227 226
49 366 72
422 600 85
159 290 448
539 544 336
644 707 473
606 710 310
146 265 198
133 615 134
689 759 368
98 125 81
471 499 328
306 952 2
831 875 758
505 602 604
282 375 275
67 122 960
674 684 344
802 825 47
774 778 892
636 763 216
487 508 174
731 848 27
278 761 46
325 817 142
285 323 384
325 791 25
371 527 113
741 816 861
41 70 882
199 202 656
84 252 421
357 496 520
600 650 422
115 245 630
388 436 54
584 652 218
365 451 447
208 359 415
209 245 124
511 710 60
864 979 580
909 990 979
694 716 216
551 592 841
266 401 494
373 384 190
455 509 747
322 339 640
244 329 113
249 258 146
249 943 7
447 756 94
198 236 307
861 900 80
612 625 862
13 333 134
38 121 606
790 818 650
121 315 40
938 976 751
352 771 136
906 977 925
169 193 66
237 483 103
243 391 463
178 380 48
261 511 141
976 982 418
699 787 299
367 475 576
403 704 36
387 426 790
749 909 367
472 497 339
106 600 31
693 982 153
890 927 481
395 429 808
29 894 81
858 998 259
302 440 461
496 880 15
423 861 137
533 703 349
73 240 216
664 880 371
764 962 262
257 370 123
376 437 243
443 518 231
165 195 716
496 594 40
554 643 856
648 814 179
687 857 367
487 615 111
287 378 641
788 804 871
199 288 40
157 192 461
354 793 23
428 641 131
434 551 511
211 724 108
634 738 730
275 279 400
459 503 532
105 166 13
485 619 162
286 315 525
256 422 89
211 703 147
87 544 53
2 159 171
713 739 783
725 745 775
44 511 86
545 721 27
398 744 112
19 320 1
202 400 35
636 729 649
439 578 58
371 382 640
479 565 879
464 542 731
23 456 28
628 731 22
123 165 692
934 992 881
614 711 812
664 928 167
938 990 148
914 954 586
19 941 43
466 941 89
487 628 143
172 333 287
51 385 106
789 818 917
311 544 182
59 77 864
510 732 300
815 926 709
614 788 331
116 660 87
26 184 381
390 534 409
535 835 133
137 264 3
17 547 32
445 474 70
227 302 435
584 660 303
410 489 661
88 437 76
766 785 719
156 485 218
304 582 258
468 910 15
28 442 126
924 987 666
18 87 477
483 544 316
54 576 32
622 757 291
111 733 99
553 854 265
421 536 210
298 612 166
68 318 102
201 481 232
600 644 134
824 865 899
521 635 576
324 500 101
475 973 109
9 107 2
255 583 69
219 735 159
533 566 882
357 495 470
90 191 51
451 589 179
884 927 777
503 510 401
45 129 166
213 298 348
36 207 406
450 484 895
61 563 66
311 444 245
891 942 918
601 737 566
594 674 947
81 174 114
842 904 65
801 842 585
625 725 117
81 91 521
587 939 12
189 695 58
742 973 56
641 719 86
347 356 100
459 505 717
634 701 561
655 696 863
1 263 302
550 683 264
613 702 103
457 880 116
143 620 18
264 406 178
90 703 32
99 124 453
894 957 419
820 850 183
172 208 901
859 966 667
98 241 261
794 979 23
263 362 743
823 886 536
933 948 31
502 555 6
557 576 319
925 940 93
439 538 63
530 722 171
94 126 369
317 362 465
532 767 85
60 201 322
272 637 125
96 129 355
303 585 219
391 437 778
184 563 20
47 50 871
919 973 765
253 285 353
376 391 38
561 698 511
899 931 760
876 910 701
204 703 84
120 431 114
384 647 72
260 272 249
915 927 25
238 693 183
200 276 214
452 645 169
752 914 479
785 912 516
388 417 205
504 758 236
387 554 484
673 713 87
58 282 151
230 385 178
3 393 128
25 92 878
483 502 411
550 592 451
128 238 191
831 841 793
137 765 19
175 218 208
540 946 12
477 921 110
387 499 491
290 401 650
68 939 70
273 333 898
80 130 521
167 648 17
444 809 210
143 312 231
126 281 312
445 590 504
127 220 586
161 170 388
244 280 129
71 337 66
1 582 65
115 160 687
518 764 242
330 406 202
474 603 466
368 425 335
279 505 85
369 721 49
65 110 94
284 484 55
279 623 80
524 557 409
58 127 411
600 675 685
505 617 645
152 274 203
559 657 58
479 624 208
287 375 62
31 35 867
662 675 809
626 822 143
636 794 214
580 803 216
189 193 156
140 366 74
55 216 341
418 494 696
323 429 462
497 992 25
379 477 363
273 394 158
282 369 522
801 846 977
245 452 372
330 509 372
365 435 279
288 789 33
245 582 229
553 922 82
487 504 463
949 957 835
953 999 524
141 282 474
487 889 122
135 142 808
348 432 587
123 152 338
549 727 411
197 346 502
207 305 633
698 820 125
952 980 631
592 875 181
720 724 695
266 353 311
428 510 397
455 729 226
174 357 258
541 559 142
189 822 31
534 566 49
63 882 43
769 908 175
662 738 855
386 801 151
454 690 286
259 579 17
101 411 90
183 775 51
42 81 974
195 744 5
350 385 409
819 871 850
197 385 423
356 982 51
631 783 434
566 948 197
376 447 69
177 246 874
85 301 22
723 821 228
133 697 58
228 289 93
710 863 459
572 800 130
818 854 294
107 172 945
257 407 489
936 949 375
358 375 51
112 455 116
555 593 385
347 459 325
33 39 672
11 170 446
712 888 77
751 808 331
375 489 429
67 103 666
774 804 885
354 364 71
416 428 5
157 465 242
364 432 888
97 303 204
662 819 388
60 117 522
392 505 318
291 393 97
736 881 514
437 457 647
595 773 287
531 672 370
816 956 423
788 876 114
423 564 169
533 585 382
216 336 138
444 521 440
402 576 260
618 694 432
124 577 153
188 401 167
678 776 787
466 493 764
765 883 378
152 224 308
671 794 124
162 171 865
872 973 760
598 841 155
359 790 185
576 795 83
670 759 225
435 577 21
355 378 918
747 835 142
314 420 3
236 244 271
184 450 262
534 728 397
573 615 840
513 603 550
730 855 629
122 531 153
283 920 50
538 716 394
748 898 4
435 471 690
248 417 10
568 664 319
535 640 438
418 446 504
259 293 145
165 228 980
378 645 31
317 426 170
99 437 59
3 499 59
671 709 105
655 904 258
697 793 762
242 310 698
272 290 465
438 763 11
295 722 2
818 828 491
676 740 88
545 594 84
384 464 912
476 802 211
474 506 254
701 712 20
429 433 862
932 944 354
899 951 141
704 866 252
170 536 202
668 903 346
41 97 706
88 775 67
737 787 224
40 234 231
528 672 129
644 785 478
686 701 936
863 907 225
355 403 430
257 476 84
806 930 337
115 391 260
183 647 162
407 836 194
938 944 582
440 612 235
464 471 118
185 448 282
220 254 706
129 397 112
450 460 966
675 712 871
63 119 732
646 738 439
121 535 116
815 904 119
533 588 868
92 133 631
628 799 49
512 864 48
600 816 278
362 579 177
99 550 71
362 398 916
618 981 136
820 881 550
910 960 113
364 532 19
48 111 456
48 111 595
88 473 117
54 489 41
749 844 385
527 787 148
450 513 497
539 574 406
15 239 333
924 930 214
24 631 37
938 991 625
146 529 106
776 927 547
247 858 32
858 867 202
935 999 94
513 728 90
276 321 741
631 659 773
444 553 680
920 987 724
186 300 21
66 130 860
32 890 59
653 980 141
749 832 175
793 837 892
320 771 70
405 825 197
427 660 142
466 575 738
668 732 879
155 456 38
236 269 203
792 970 350
66 256 310
847 946 149
355 496 478
22 146 345
46 53 936
144 205 781
58 567 57
486 599 49
296 914 85
586 623 153
681 805 150
287 819 133
441 797 67
457 975 151
756 905 58
605 649 220
383 896 13
937 968 905
861 948 388
458 691 120
520 594 514
791 886 333
169 308 185
476 576 621
560 613 773
618 691 618
384 488 270
142 501 92
278 329 335
616 661 673
180 224 503
625 635 529
265 282 459
11 69 606
160 248 510
600 669 983
569 637 836
462 680 261
529 609 126
691 743 765
414 714 145
470 632 500
528 636 348
658 829 468
107 670 60
18 28 442
347 367 543
238 586 220
964 992 823
399 605 184
301 321 64
170 227 402
81 282 239
492 675 121
366 780 2
5 176 216
872 946 730
892 999 83
595 928 230
371 597 234
619 967 194
264 375 629
453 478 433
126 355 277
19 26 495
673 842 411
259 262 702
718 721 816
426 475 798
465 592 418
186 192 333
509 574 858
344 862 148
35 81 382
399 496 149
337 515 314
138 848 80
875 995 680
630 661 1000
817 868 266
63 139 737
516 876 128
470 517 31
190 838 46
55 808 38
424 487 667
158 165 525
374 384 331
687 691 542
59 64 253
606 995 82
331 481 184
572 940 190
187 202 648
309 535 26
167 283 289
276 342 351
46 642 6
428 444 736
315 771 57
322 613 248
26 41 774
387 668 162
488 513 371
883 994 400
533 608 180
658 711 472
124 289 111
40 568 68
491 740 262
730 856 362
257 313 394
581 632 842
576 746 196
595 737 209
98 223 195
957 969 375
656 840 129
434 575 428
185 192 268
587 768 414
709 746 470
195 626 67
567 916 5
678 708 864
317 621 99
334 509 190
655 844 58
438 787 65
906 918 261
283 724 109
628 885 24
826 894 738
808 856 379
145 226 229
780 911 154
717 777 348
903 938 286
433 699 59
186 729 49
666 726 845
517 593 296
6 37 597
570 583 717
420 609 152
256 553 274
220 353 478
194 233 524
448 977 49
52 181 483
70 277 312
369 775 109
155 220 279
129 304 455
405 551 295
779 931 226
591 841 4
102 230 557
79 267 231
378 749 198
337 879 52
703 725 101
7 239 341
469 971 110
552 926 27
857 881 684
375 476 770
675 721 545
507 555 802
14 121 115
85 342 59
703 790 52
698 714 893
432 888 96
362 373 833
60 714 108
500 567 690
25 890 91
680 942 63
339 370 88
497 573 228
417 461 774
702 853 6
771 833 814
118 211 759
129 502 24
510 552 368
110 204 433
186 648 101
348 650 212
362 671 198
565 987 25
544 658 668
653 895 237
214 348 309
459 710 134
238 935 71
478 501 841
467 673 241
373 387 24
410 564 124
849 896 999
329 465 465
530 623 155
217 504 1
307 639 209
360 524 102
397 919 10
2 462 13
359 543 249
283 688 205
598 722 212
476 676 181
879 920 891
748 831 404
152 245 71
322 400 849
220 701 93
458 497 926
105 429 32
51 112 176
4 86 920
678 909 215
560 649 842
124 145 103
111 178 584
187 261 859
756 835 940
248 663 54
210 285 964
60 90 45
184 466 61
856 947 499
823 933 431
895 956 747
88 136 666
542 638 705
561 671 6
30 88 789
257 301 634
631 674 604
594 706 184
185 198 956
647 708 870
39 204 56
311 763 90
9 327 257
133 290 147
342 440 594
210 705 26
880 926 533
458 948 141
462 478 494
590 885 65
731 788 546
253 452 292
221 666 144
873 961 48
86 271 440
750 808 878
771 842 402
216 863 97
555 742 6
185 500 252
439 499 518
434 558 219
