8500
249 371 169
50 789 48
342 767 20
230 290 711
405 996 63
844 947 54
655 769 625
415 544 200
184 215 895
718 798 994
789 870 748
40 448 108
456 525 295
197 954 60
280 718 176
513 919 109
5 55 954
477 753 209
123 304 221
369 423 164
94 190 753
267 609 239
314 642 215
309 384 218
454 548 70
601 716 538
194 298 591
574 782 100
333 361 639
629 735 310
459 589 302
150 324 204
221 817 129
581 585 558
92 648 81
75 622 53
19 87 241
286 460 135
537 672 162
111 180 335
211 217 143
425 534 271
572 612 222
10 40 470
377 498 558
669 774 140
19 525 66
178 919 84
481 605 208
643 710 249
70 162 203
511 728 151
772 826 659
583 665 715
1 147 143
161 181 303
735 760 405
700 879 125
465 594 446
136 572 17
656 661 710
289 394 163
225 273 752
283 305 715
329 845 24
182 222 809
622 865 139
261 434 325
375 659 89
179 187 710
54 439 66
897 942 790
596 656 370
368 564 379
732 991 64
598 880 228
759 881 650
482 500 573
72 122 703
647 742 684
317 377 471
512 683 436
690 804 235
539 743 4
318 538 115
612 661 21
263 294 453
201 435 122
471 519 587
83 147 145
427 506 875
114 353 177
461 975 11
599 811 146
230 611 202
377 586 169
676 684 203
95 500 105
87 205 543
583 905 31
393 423 875
129 203 483
644 908 290
119 159 875
518 551 924
326 393 727
637 804 248
479 514 611
561 754 64
2 260 80
21 123 262
922 991 115
693 706 81
328 348 818
23 147 648
443 569 387
48 52 652
899 991 185
468 531 193
62 141 716
637 705 708
118 123 794
208 287 499
182 246 95
110 308 1
667 706 182
46 205 4
653 682 545
290 314 695
573 660 401
831 919 613
535 613 646
840 896 314
251 361 310
182 263 190
339 410 108
186 370 3
166 400 36
571 777 227
25 70 142
131 563 85
489 494 438
317 508 39
42 361 62
252 484 112
541 761 216
978 982 687
691 702 146
320 329 978
362 441 153
443 513 407
462 563 782
85 494 187
107 168 768
767 806 693
278 380 473
606 798 340
778 795 692
21 230 25
558 713 529
305 574 242
219 565 53
337 386 513
404 477 933
550 670 371
98 487 95
722 979 282
718 965 225
106 228 538
200 511 22
550 962 146
255 307 654
163 950 98
611 657 408
263 549 8
33 223 143
444 462 763
747 891 501
191 731 53
848 971 675
285 294 102
317 893 47
723 838 515
720 863 67
375 868 151
362 770 199
673 708 229
553 579 63
114 168 404
31 279 254
53 357 81
792 830 714
471 498 275
273 462 152
98 135 409
786 809 621
165 601 39
148 734 92
106 188 166
625 684 206
948 970 591
441 502 559
638 721 516
213 413 398
596 694 637
90 124 675
203 412 13
746 997 163
668 686 58
585 824 51
110 132 199
495 705 176
263 439 41
200 306 468
339 393 720
369 446 1000
252 532 25
738 916 334
483 755 78
698 811 163
651 659 877
274 476 205
596 919 238
692 947 269
576 632 879
648 690 125
222 269 265
193 407 285
540 883 84
301 481 411
567 703 143
136 501 40
662 726 40
768 779 45
323 511 100
844 873 623
454 483 575
228 274 641
712 716 237
437 836 4
449 648 3
716 773 175
236 240 781
448 830 33
379 488 745
247 549 266
129 697 115
448 612 222
702 861 202
346 958 36
238 752 53
516 545 182
680 700 899
596 718 245
854 911 313
565 760 25
6 97 503
6 190 295
141 484 2
381 932 5
163 562 193
600 683 391
318 332 415
296 303 385
517 815 140
513 609 649
324 402 478
231 382 64
568 604 516
899 911 940
403 480 227
119 145 223
98 690 132
562 582 365
936 985 197
285 375 608
712 929 291
97 900 66
151 446 171
130 260 377
416 434 910
765 858 426
272 379 533
742 951 244
412 662 324
534 802 229
262 744 127
267 303 42
172 420 238
350 396 391
72 238 260
496 558 427
602 624 488
235 589 99
716 756 824
567 626 456
986 989 70
512 690 276
321 635 197
120 433 38
361 509 535
442 647 287
133 289 55
593 992 202
189 397 179
159 195 444
204 326 618
274 547 207
383 956 23
391 947 116
607 631 434
158 210 222
512 703 2
619 635 516
616 971 122
649 658 524
568 757 215
459 506 390
487 769 287
756 918 245
34 168 117
336 434 644
460 594 29
470 541 497
426 440 726
96 99 830
99 163 201
474 667 324
477 493 271
273 331 330
387 579 208
282 470 272
401 773 56
383 444 124
416 774 225
184 275 444
837 919 745
514 786 38
663 796 332
630 667 725
350 463 237
267 877 12
931 962 263
122 278 76
100 254 138
579 672 606
490 618 473
382 418 866
792 961 120
87 230 472
56 67 126
272 481 275
281 334 152
546 582 848
356 461 261
612 856 6
90 515 99
188 647 161
875 917 186
252 282 208
927 939 53
288 396 209
100 122 31
411 556 203
318 326 721
442 844 202
770 883 16
118 174 111
843 988 54
231 997 26
212 227 331
171 293 583
380 599 228
401 483 422
50 341 91
411 533 607
554 838 52
326 502 310
231 840 118
38 84 332
145 770 101
365 450 326
24 128 546
520 634 369
501 631 369
338 547 118
89 140 595
311 480 358
655 974 51
523 614 94
457 756 55
292 420 468
851 993 347
323 332 920
516 838 92
597 693 511
828 851 81
344 889 104
177 492 243
486 537 264
629 749 17
176 640 138
227 254 204
595 743 402
165 261 714
19 92 939
79 672 36
417 449 411
17 194 417
5 162 491
1 37 897
483 575 519
704 766 881
570 906 170
184 387 8
178 375 251
837 860 410
80 636 87
265 576 94
348 416 643
712 794 320
768 869 308
569 852 231
64 372 21
275 311 333
240 415 38
159 166 860
864 892 605
760 888 633
750 986 10
873 896 217
200 687 165
514 532 188
825 936 662
22 191 345
701 778 770
231 634 182
370 482 622
604 623 723
468 570 816
298 411 443
723 778 613
498 504 414
7 481 82
827 925 717
726 756 150
53 268 182
630 679 867
571 738 400
545 884 89
199 311 435
906 917 724
47 634 135
953 993 886
649 722 165
912 974 227
41 102 124
921 951 548
88 490 135
623 650 865
163 303 31
547 691 497
362 420 762
851 877 563
442 766 44
419 437 40
197 347 418
213 757 95
197 357 137
426 666 279
166 180 228
308 334 892
563 747 55
38 731 35
24 224 6
301 381 131
211 246 51
402 511 259
107 765 107
789 988 359
194 243 892
322 515 169
181 322 453
177 236 693
683 764 598
736 819 24
422 559 400
233 369 30
201 304 164
405 646 23
568 772 211
315 545 287
340 374 601
496 850 221
40 222 6
661 907 101
548 808 64
414 734 216
23 378 43
641 857 172
447 651 322
191 359 191
14 22 954
427 777 214
526 546 723
116 198 212
792 889 500
136 513 192
725 748 980
766 982 191
39 151 60
824 840 572
467 981 158
636 698 889
446 948 156
404 909 70
436 801 86
541 584 439
566 713 441
13 236 342
620 662 352
153 284 404
188 925 24
131 787 8
593 810 106
517 590 433
689 767 201
846 906 575
109 535 178
191 217 914
264 477 84
5 704 89
171 252 438
388 828 98
758 861 331
231 244 897
248 321 97
72 160 423
433 537 205
134 283 246
769 832 782
128 157 561
207 926 17
234 247 585
742 755 892
420 519 148
419 595 17
530 542 926
814 861 829
54 67 734
826 904 295
898 989 698
101 505 200
603 758 156
61 178 231
123 269 220
455 536 876
303 368 462
20 221 272
352 382 422
281 359 150
82 106 148
27 184 495
650 727 188
240 351 343
923 957 860
259 624 9
341 875 9
256 279 695
394 468 446
111 612 11
353 968 131
385 462 761
198 235 438
90 216 67
94 146 373
536 729 356
749 921 253
13 709 88
472 592 54
495 502 755
337 376 293
221 417 192
315 643 209
42 287 164
704 791 892
251 450 99
392 894 68
30 741 58
127 330 276
393 478 24
150 349 354
481 647 25
430 653 202
280 348 311
579 852 210
260 310 605
283 355 285
257 987 83
380 613 343
665 733 471
695 729 215
273 486 183
246 299 308
709 799 426
560 873 238
670 859 253
797 820 297
492 564 948
719 843 180
423 488 30
512 620 432
94 250 75
285 650 48
407 534 159
331 384 101
362 409 602
324 376 926
105 126 533
162 958 98
113 742 124
503 700 396
821 875 975
50 170 215
14 42 598
272 322 579
732 736 446
663 901 256
70 845 12
619 663 728
56 245 424
444 688 196
855 964 630
279 966 16
702 764 819
290 802 112
863 952 334
720 848 595
91 147 175
598 919 45
658 721 263
535 601 904
192 524 231
888 951 383
419 620 255
846 961 218
35 45 484
901 986 512
395 856 150
837 874 208
493 546 861
752 769 269
541 806 17
476 565 568
432 773 138
247 347 68
75 298 72
558 693 265
8 134 70
85 279 162
629 813 378
351 602 265
487 834 14
641 691 670
786 869 279
2 165 307
41 403 201
233 574 77
640 742 499
417 420 359
362 518 340
524 831 13
718 788 942
4 124 589
644 811 84
280 324 461
561 676 655
728 792 440
69 818 70
423 542 197
470 700 219
366 470 541
605 880 40
836 900 732
728 734 871
689 862 92
286 406 76
203 940 73
499 521 636
208 283 892
142 325 377
286 441 310
112 237 655
848 871 469
160 714 70
851 957 553
140 881 88
587 812 14
634 826 276
839 938 746
611 696 16
22 318 170
93 662 115
215 396 289
179 198 412
163 370 44
184 714 59
13 30 503
863 928 821
214 316 728
439 913 59
127 852 50
797 817 341
943 973 158
688 903 338
51 154 483
739 828 683
253 396 464
669 696 234
448 545 45
85 131 773
15 129 68
801 845 534
835 983 307
838 914 630
467 590 157
3 83 968
914 964 304
619 739 690
218 295 19
320 336 86
154 461 112
741 976 313
99 838 48
532 651 75
183 215 409
278 332 687
419 627 89
451 916 78
32 839 103
241 286 954
16 393 180
788 837 111
469 825 89
249 388 467
82 170 116
783 838 947
787 908 317
584 723 9
785 829 178
240 351 70
886 927 794
73 216 542
777 920 264
452 461 941
112 515 147
718 837 554
465 530 2
37 71 656
279 507 121
718 874 282
309 336 907
11 561 43
500 556 774
495 927 162
256 348 96
483 549 305
770 803 635
354 705 143
154 413 238
140 316 334
44 682 67
125 444 20
823 970 449
312 570 169
585 993 32
209 229 381
386 410 240
553 672 435
509 602 502
324 779 106
440 558 681
576 913 14
541 573 159
858 944 549
105 186 408
555 607 291
258 942 58
306 810 154
610 846 281
31 107 513
62 113 990
374 471 146
296 385 830
240 300 586
45 660 18
238 649 128
475 560 961
355 792 154
659 756 54
314 342 437
325 453 2
435 775 118
549 631 96
439 539 22
524 706 190
288 379 615
267 552 241
300 827 107
181 276 256
193 541 232
61 285 50
715 896 205
666 716 815
841 993 30
200 851 74
395 415 196
830 959 352
169 579 53
560 809 254
433 457 554
621 803 48
84 93 402
12 319 253
517 553 49
220 259 201
107 172 138
259 271 384
632 721 51
107 216 522
41 454 186
612 693 828
291 404 259
571 632 755
412 420 692
770 882 200
677 699 343
296 943 3
100 202 310
681 755 640
43 112 287
213 251 338
153 195 976
94 450 38
193 678 15
168 533 75
199 227 759
40 181 3
117 316 189
30 347 129
406 409 868
702 830 22
278 425 38
525 575 995
831 998 103
195 297 341
25 323 15
73 129 761
688 822 464
670 799 488
675 723 228
855 886 140
64 167 199
222 332 147
57 296 178
639 723 336
400 700 164
465 570 30
506 811 138
446 972 154
688 908 324
387 411 981
738 897 393
231 245 330
882 888 733
545 577 735
832 985 340
208 665 155
98 391 22
488 528 270
682 865 297
422 530 161
650 687 944
81 940 29
202 372 172
59 888 55
276 320 794
612 953 125
825 885 432
813 907 269
300 415 574
453 522 52
805 873 965
599 854 77
492 580 598
146 678 59
675 913 172
496 509 80
606 659 899
699 754 134
356 477 639
480 812 102
31 324 76
592 746 343
187 953 108
254 353 772
623 968 116
233 595 2
287 328 907
421 425 139
169 174 251
371 752 40
380 584 184
413 972 121
698 883 16
177 263 718
16 245 234
25 81 64
234 401 142
874 981 256
393 559 133
793 841 729
42 45 142
392 784 43
448 794 212
788 987 24
304 734 35
209 249 188
394 482 19
359 435 977
9 106 189
161 295 166
809 815 122
377 483 501
654 673 653
438 536 236
248 409 328
567 897 242
65 101 117
472 949 1
574 653 148
421 656 339
398 664 277
802 825 634
523 583 526
748 972 134
559 829 139
742 880 197
659 871 152
507 602 629
138 225 723
814 950 406
869 962 55
487 853 139
41 122 615
707 830 333
776 933 115
117 194 262
430 479 916
253 557 163
457 544 185
317 520 353
576 659 29
44 118 165
384 614 244
278 342 721
579 617 744
17 511 39
219 925 73
741 876 219
585 651 413
564 706 501
694 957 29
274 510 180
737 803 225
815 971 254
129 612 96
445 493 353
558 640 224
718 983 298
377 386 619
687 726 478
614 856 153
932 997 830
128 714 136
73 362 264
15 29 314
730 836 640
583 641 932
934 997 317
390 514 436
226 275 740
440 495 148
157 280 221
402 657 301
288 397 356
421 455 551
70 243 340
100 242 506
589 745 130
223 392 211
908 926 996
192 341 428
185 600 25
454 486 122
470 741 60
579 747 9
103 176 488
787 822 183
517 553 112
629 830 48
302 407 403
208 708 62
577 713 501
921 932 146
670 699 256
688 767 603
410 653 216
680 772 135
158 482 88
848 894 652
844 996 475
148 967 12
626 655 242
21 180 511
170 436 38
233 293 85
817 880 534
469 488 711
691 927 223
493 567 375
578 752 67
137 363 219
390 763 66
471 525 326
633 642 142
363 486 31
141 241 597
156 625 21
863 928 489
538 618 281
421 499 386
109 836 61
432 446 966
715 822 723
815 914 446
203 378 394
812 900 854
37 397 230
588 864 171
206 225 843
501 969 142
246 315 908
48 244 183
569 633 622
849 865 782
398 452 574
838 924 739
454 548 220
495 691 288
772 892 324
667 769 668
788 845 568
654 755 400
677 697 980
184 303 578
338 846 164
26 80 152
765 967 111
460 502 449
10 159 431
135 569 35
521 542 34
557 584 22
686 760 439
242 607 139
738 896 207
116 376 21
583 681 709
410 508 232
363 457 131
384 415 15
555 738 380
595 671 649
741 811 585
868 926 806
118 194 942
57 432 18
297 664 59
24 444 24
73 230 87
100 837 34
703 810 51
11 445 174
794 957 167
392 497 707
240 350 285
88 200 622
58 137 708
489 887 28
716 725 20
152 300 313
783 843 407
615 676 780
727 748 777
309 343 376
707 933 72
170 255 345
382 569 437
151 155 436
867 980 151
786 877 291
359 574 241
36 945 25
46 49 728
44 153 158
202 251 243
534 547 323
753 943 177
654 767 117
443 750 185
738 951 125
369 459 210
856 900 777
64 211 90
157 337 157
549 638 222
944 986 597
136 161 760
37 51 830
722 756 169
177 597 50
881 977 417
516 858 37
438 691 150
905 975 868
299 555 119
744 825 842
37 324 188
395 508 513
873 881 307
189 479 98
405 500 508
516 929 29
228 297 398
752 806 962
602 842 346
218 762 113
120 260 410
797 969 484
402 452 548
244 603 92
696 801 117
176 484 7
370 520 157
771 804 508
236 426 251
472 590 4
958 998 622
191 287 867
537 859 154
408 511 61
184 653 102
28 723 55
358 804 105
889 932 402
632 845 88
290 328 382
71 112 499
36 769 29
737 823 128
388 407 138
773 939 162
799 802 339
438 536 769
381 494 686
399 719 165
173 204 353
301 647 60
271 417 238
87 109 261
638 697 370
578 662 491
365 669 265
8 451 134
662 748 196
649 753 379
900 975 571
690 726 837
452 481 245
357 914 147
51 386 209
196 336 469
479 500 549
323 725 30
501 751 315
638 877 277
329 462 567
789 836 818
399 410 828
521 778 315
796 908 606
440 474 116
185 880 64
720 781 460
555 684 602
485 717 21
446 666 296
106 955 18
274 364 599
357 396 916
604 712 705
175 586 140
870 906 748
447 739 227
231 475 297
512 617 505
532 908 131
176 308 382
604 634 724
546 684 294
582 628 205
811 865 780
55 172 689
73 155 384
208 407 360
65 182 601
152 993 73
622 857 46
774 979 288
953 1000 328
782 932 403
111 179 986
678 682 48
894 960 793
513 520 175
187 601 183
567 908 210
281 293 385
697 959 110
392 597 316
647 673 29
458 528 920
626 978 38
74 484 136
718 811 569
509 673 341
908 987 899
99 446 81
331 818 150
299 319 889
389 482 391
120 812 102
764 905 330
773 890 361
520 986 44
37 177 299
774 870 432
197 536 87
475 512 973
357 373 676
489 890 171
384 814 30
182 631 39
752 787 178
145 987 87
158 716 131
31 866 12
618 648 95
465 855 134
502 590 815
179 453 75
548 654 465
363 397 1
452 622 178
345 793 97
598 768 342
39 793 53
365 440 197
51 84 924
73 366 167
414 559 463
703 838 365
520 910 124
589 630 243
140 149 875
62 417 156
485 582 89
516 848 102
24 178 272
73 94 681
131 191 139
386 526 377
314 602 24
405 450 899
84 325 180
718 735 861
336 616 172
538 648 320
253 639 157
727 880 55
219 305 222
774 939 361
416 445 41
291 425 24
366 734 70
25 252 252
642 690 947
543 930 117
597 942 224
2 306 269
589 717 275
526 607 757
710 748 446
552 936 141
729 750 480
83 133 807
220 267 304
146 635 158
463 564 594
98 145 289
653 773 251
508 514 64
459 776 142
679 713 375
302 539 346
668 772 400
158 228 397
268 348 98
787 829 742
601 679 478
595 832 171
650 824 452
275 347 88
274 328 584
172 295 90
285 506 40
394 635 157
21 118 128
43 127 3
53 609 7
753 802 521
302 386 176
155 380 281
359 414 543
854 992 304
854 867 275
522 643 476
131 519 144
213 515 19
414 619 388
695 803 660
380 472 537
41 328 191
807 884 607
223 432 357
5 171 119
276 313 202
781 945 450
242 327 364
209 244 165
375 616 266
774 821 59
18 366 106
356 726 109
749 834 173
344 357 335
74 85 839
533 604 973
64 736 87
791 927 214
473 638 193
14 73 669
274 312 240
299 371 635
727 793 198
355 366 792
976 986 510
372 711 90
38 43 86
23 151 51
527 672 96
7 473 89
482 723 289
17 823 59
630 908 211
509 529 311
147 386 117
462 573 227
301 489 158
605 854 37
171 908 54
43 46 211
327 500 399
118 406 106
402 831 171
633 651 911
247 292 672
826 890 196
738 783 295
107 303 232
428 643 353
237 819 124
474 723 61
963 971 144
466 586 38
417 717 209
584 678 79
17 60 193
256 648 25
391 453 67
80 526 181
150 364 321
641 723 596
893 958 930
853 980 101
190 789 71
361 582 43
426 520 386
794 979 57
536 686 453
51 394 225
461 483 544
189 874 25
241 769 18
542 681 238
911 984 112
97 405 77
744 956 209
431 490 678
141 305 280
504 526 896
592 642 503
250 354 484
745 850 585
535 621 318
760 841 538
330 463 295
116 149 32
262 721 162
293 416 211
224 291 591
491 575 340
28 59 111
403 671 152
100 542 156
844 850 268
194 549 127
393 477 440
222 272 521
634 908 27
49 72 278
847 983 42
711 784 569
285 417 249
62 458 28
907 940 72
555 561 602
6 152 475
159 340 262
6 542 41
192 244 442
468 641 469
387 564 303
354 392 168
763 920 4
156 267 416
180 679 56
56 90 318
251 712 41
390 483 433
892 901 444
56 248 64
813 843 30
306 363 604
442 463 681
386 788 42
140 168 413
331 441 407
81 298 234
372 584 314
248 304 912
168 524 233
340 608 129
530 627 385
737 795 251
414 541 388
123 340 32
777 840 592
950 983 154
645 938 195
17 382 61
131 788 100
171 953 57
34 56 582
904 978 298
590 715 453
608 743 312
356 402 997
236 661 28
211 972 53
593 649 166
299 738 188
575 638 659
391 420 373
956 973 956
343 658 130
76 178 198
569 605 746
273 306 365
353 591 165
144 320 107
326 348 9
317 345 562
50 109 137
840 869 862
431 606 432
702 797 31
846 914 654
28 90 872
626 666 577
519 708 128
571 884 197
205 365 366
262 838 104
460 630 143
882 887 795
140 428 181
56 985 25
422 661 305
807 907 562
433 448 232
621 809 296
726 797 98
35 318 214
593 963 141
375 488 624
330 415 895
452 525 637
605 842 225
257 834 63
427 955 139
363 526 249
433 475 966
270 345 799
554 572 517
384 546 342
357 425 864
577 780 135
75 282 363
23 108 795
116 193 287
216 286 871
431 498 819
933 937 433
466 585 576
876 972 418
22 257 178
520 585 403
72 196 343
340 349 626
252 421 426
156 514 224
443 844 100
315 509 201
855 984 570
78 155 689
209 254 245
797 850 174
822 903 234
505 567 795
297 569 142
102 987 85
630 685 90
552 643 57
499 604 83
161 317 532
189 242 373
748 838 404
749 806 547
427 612 299
256 504 72
32 823 15
734 767 541
613 685 552
432 500 958
607 732 380
511 524 423
431 915 94
409 433 876
725 871 495
336 401 787
733 988 136
310 828 60
43 86 755
459 769 162
628 739 605
503 530 921
692 757 869
91 736 93
289 402 231
879 900 356
862 961 67
135 346 266
49 75 566
412 517 592
354 404 14
451 482 302
154 527 95
475 614 575
205 722 146
744 853 679
451 609 388
790 832 222
516 753 33
724 954 45
2 217 384
570 871 78
524 556 879
645 967 207
129 601 135
560 626 47
936 939 857
508 812 180
725 838 522
667 967 20
542 577 652
117 615 74
710 746 771
265 283 129
383 511 630
439 596 97
82 657 47
464 496 272
903 921 132
15 48 514
418 511 194
87 131 34
123 446 241
760 830 96
327 516 363
706 917 369
240 384 77
473 755 160
916 981 146
92 338 27
522 827 189
664 683 334
877 956 955
319 386 843
225 719 83
12 553 76
641 684 229
330 360 696
313 332 921
283 358 602
230 282 795
842 858 360
576 730 143
309 393 984
627 702 990
536 895 220
628 753 351
216 337 211
216 369 469
201 356 89
830 897 458
464 753 161
110 260 9
497 758 102
116 167 699
853 869 634
634 818 294
79 470 141
532 665 30
364 420 482
130 151 827
664 742 713
129 255 651
281 304 757
198 735 152
354 793 166
145 962 61
202 386 242
668 774 164
445 664 47
163 352 234
224 347 220
16 739 3
672 859 217
251 733 109
200 248 180
295 609 261
859 933 237
417 502 295
336 412 175
170 190 878
648 838 250
252 876 31
502 679 410
179 200 967
341 808 109
427 779 48
196 209 113
567 775 68
545 570 312
669 826 120
420 499 226
475 585 468
803 806 91
307 505 246
283 409 581
546 695 345
60 856 75
208 752 2
698 747 756
348 571 148
683 784 412
207 288 527
1 26 676
272 533 294
297 302 568
330 405 215
100 292 358
271 488 137
127 908 87
38 126 441
23 246 306
907 945 418
456 492 890
335 705 196
521 729 290
428 890 53
816 968 223
202 657 145
153 306 16
347 818 72
163 220 790
212 515 46
337 766 118
651 737 705
651 738 712
218 395 269
383 413 640
817 891 727
836 839 530
200 267 83
474 480 381
665 843 102
621 691 851
749 782 735
1 955 36
229 246 820
515 594 829
360 566 298
833 853 463
340 415 607
741 904 95
384 764 92
216 367 309
711 824 600
366 514 28
820 824 113
215 291 798
616 702 120
387 401 51
408 876 27
23 27 429
794 813 657
440 529 881
875 894 621
666 763 582
214 993 12
156 624 32
19 154 530
199 230 217
215 306 291
426 527 204
327 739 100
97 348 192
470 600 465
641 746 207
322 402 728
728 950 9
271 295 166
192 197 284
326 413 212
20 335 84
246 255 672
327 532 187
30 484 183
353 976 115
218 284 959
454 510 489
74 316 320
531 875 165
181 574 177
510 704 105
311 403 494
926 957 555
372 703 146
401 478 206
460 826 97
71 88 766
336 405 818
515 520 376
822 906 183
568 705 150
586 657 657
638 647 108
800 888 784
649 690 207
445 566 478
690 900 95
852 883 338
293 342 833
45 211 96
210 565 31
395 707 2
359 481 666
666 931 284
793 851 366
40 53 654
99 418 142
354 980 122
302 489 363
452 471 440
349 501 249
328 462 221
752 889 569
533 632 73
783 933 253
343 620 168
432 681 209
248 968 108
113 155 537
699 744 175
486 562 309
446 598 139
82 274 171
268 320 489
472 603 584
889 898 848
765 873 748
318 430 291
241 788 122
207 346 365
614 846 115
195 424 125
178 281 575
775 841 75
489 802 13
619 808 227
482 602 565
567 913 10
287 431 190
834 850 166
174 224 18
223 348 40
547 983 17
963 994 370
157 594 128
385 399 621
157 489 46
583 821 102
699 769 796
240 308 876
753 769 45
686 819 573
431 525 556
221 634 104
721 860 154
959 991 800
337 415 481
129 515 121
902 996 144
587 730 249
582 984 57
35 722 51
692 725 983
879 907 942
165 370 247
533 990 86
164 205 63
321 387 572
765 835 536
676 684 172
596 785 129
668 705 750
726 937 101
690 949 254
186 721 100
17 31 634
15 386 28
423 638 85
626 929 183
40 708 3
441 558 256
147 353 54
762 843 957
642 875 23
205 788 116
60 291 34
310 346 474
395 401 757
222 693 53
436 773 184
839 877 23
569 741 373
150 447 42
532 659 625
756 880 298
670 835 415
476 539 248
708 942 226
18 236 329
665 898 184
42 258 190
760 886 242
133 160 976
322 346 425
558 685 128
494 671 247
602 661 16
954 989 864
422 519 697
571 862 284
234 649 95
464 840 24
821 902 703
684 895 68
654 720 355
476 542 338
434 640 160
260 425 20
459 856 141
128 135 515
443 492 505
8 278 183
153 175 575
234 237 968
549 717 95
210 887 19
562 632 532
60 420 122
624 723 501
858 869 639
358 619 192
650 713 577
503 983 172
648 744 246
380 406 262
277 996 112
548 612 258
145 185 679
382 486 521
591 602 997
257 358 711
612 808 27
232 657 59
101 207 336
280 497 286
938 991 186
751 830 275
479 594 436
415 641 85
463 538 579
620 657 932
579 621 652
374 763 31
313 384 905
825 963 506
473 651 406
532 623 590
500 594 452
71 142 392
81 201 48
523 603 785
521 980 100
589 644 205
438 469 876
288 665 99
484 655 53
928 980 859
249 271 677
165 308 289
395 914 23
291 349 118
56 738 17
261 452 182
749 839 771
380 565 75
34 731 10
651 690 442
210 782 139
462 556 731
478 818 5
609 953 58
734 887 478
12 110 614
625 872 42
101 513 37
764 853 531
90 530 79
754 776 270
14 48 324
209 350 295
123 576 156
106 344 208
208 489 267
236 892 92
377 457 936
474 718 315
281 762 150
807 936 282
162 196 562
597 921 89
441 720 225
69 895 5
715 846 180
339 361 581
117 291 290
230 606 104
698 848 465
532 578 444
763 880 266
398 656 255
450 606 220
605 659 156
415 495 957
715 943 305
332 521 424
481 536 398
511 681 195
588 770 163
940 986 963
642 841 360
652 713 869
278 667 160
401 556 118
2 81 667
212 458 45
114 209 875
309 707 114
957 981 351
287 411 573
270 651 208
281 526 302
213 293 162
153 545 8
551 622 22
521 652 546
60 271 229
328 840 161
52 112 677
189 314 622
506 817 189
222 484 272
465 606 316
532 727 283
150 322 450
313 448 430
319 340 600
415 486 378
149 563 14
109 159 430
229 259 876
417 742 162
702 832 488
400 879 121
96 150 931
367 505 129
581 596 254
78 577 137
863 937 843
492 559 559
357 406 786
654 763 652
625 741 422
34 192 141
611 693 625
247 308 275
112 123 174
135 187 410
484 556 9
413 493 951
417 456 429
18 339 169
106 271 326
541 626 240
804 817 391
633 808 263
188 304 85
280 342 659
305 726 116
489 617 453
771 848 615
247 455 51
271 362 747
296 470 27
551 612 177
282 998 36
192 255 63
652 728 980
515 948 110
559 875 59
213 312 486
90 635 130
900 915 769
935 969 177
417 506 448
82 108 392
839 923 54
526 940 176
273 298 755
503 929 169
671 737 217
918 953 751
720 736 585
854 883 538
4 149 491
383 521 577
297 562 44
159 286 96
283 395 723
397 630 74
291 796 60
401 503 638
10 104 317
432 501 421
307 502 174
168 255 953
593 674 416
415 922 23
793 860 499
633 981 142
972 979 876
665 762 476
852 855 436
671 788 141
191 244 316
397 822 142
115 128 449
351 373 536
372 496 581
715 838 78
917 976 814
710 810 172
727 965 29
735 977 108
493 921 61
287 352 556
487 696 354
50 579 62
129 258 409
402 551 495
80 240 330
385 710 27
605 816 53
780 826 56
358 590 33
426 452 725
309 527 332
7 89 92
59 136 917
324 448 664
638 958 77
906 931 640
72 110 347
810 831 51
274 308 419
133 176 362
903 949 787
575 663 636
522 565 336
886 984 204
236 836 58
191 661 101
301 463 18
260 484 333
282 568 4
652 677 288
726 787 949
95 144 438
283 291 327
533 820 272
553 748 65
83 251 349
473 573 272
471 722 98
548 605 623
732 930 295
89 244 332
133 427 63
576 656 678
528 821 42
799 846 340
560 611 820
643 661 115
90 139 779
519 999 49
362 436 557
752 873 462
338 958 115
519 556 328
51 449 186
337 416 503
123 411 135
23 490 14
551 654 208
539 860 2
50 191 409
62 141 701
379 721 206
169 265 140
608 871 20
565 628 960
190 403 281
154 449 218
261 348 341
482 667 274
638 695 256
679 760 130
441 711 82
450 806 192
659 836 94
913 933 360
272 801 152
552 559 476
323 695 51
458 900 28
408 451 596
270 311 779
204 281 650
142 424 135
208 643 69
376 450 277
97 310 29
94 134 886
477 534 807
396 404 507
132 228 674
323 342 84
476 702 76
336 345 536
777 794 150
357 364 634
393 413 771
11 100 70
44 182 595
894 940 486
763 817 713
336 345 11
676 751 300
157 610 132
267 321 414
203 918 10
77 136 845
346 562 270
208 811 51
324 435 119
323 897 111
169 194 633
100 112 427
545 723 156
939 956 964
49 391 165
713 949 256
448 580 522
834 876 859
77 127 899
207 927 40
419 583 331
727 736 5
674 994 180
385 887 98
77 91 910
133 324 194
261 609 233
629 751 134
209 523 168
740 798 175
622 631 899
494 901 151
10 317 5
472 583 493
151 472 5
464 474 247
172 235 797
645 781 75
374 742 173
622 740 211
837 850 699
77 231 94
613 709 761
181 770 46
790 910 379
718 724 990
156 247 157
513 777 48
468 817 89
590 821 306
661 722 707
249 258 587
217 369 498
897 945 248
387 859 33
430 708 110
905 948 912
93 332 260
13 714 37
630 883 32
68 91 62
348 516 64
217 347 156
8 595 60
473 513 934
732 834 482
51 488 180
122 564 121
204 242 27
430 766 158
204 997 47
391 478 663
601 770 387
352 358 854
238 527 45
821 902 62
36 104 635
145 588 26
480 563 72
188 474 14
178 425 135
194 444 62
123 175 228
194 335 73
377 412 434
117 189 878
106 221 184
67 541 72
757 836 968
191 202 18
822 882 196
605 608 568
671 788 364
7 32 144
233 775 39
468 571 305
704 957 21
883 888 330
570 718 214
453 477 870
672 782 280
524 832 263
939 954 487
801 970 185
746 900 331
147 229 704
778 806 389
440 479 212
180 945 67
223 271 202
622 692 325
158 464 217
289 469 261
743 814 355
7 228 255
829 978 128
936 970 639
891 984 680
140 162 369
393 456 293
189 326 215
288 342 991
780 837 472
296 389 857
748 953 328
710 822 28
105 242 116
389 854 48
834 865 953
246 332 183
504 508 370
651 673 319
457 583 394
100 151 186
400 840 166
82 87 737
518 562 710
141 492 55
399 420 874
404 576 160
102 274 405
389 579 212
863 982 371
554 655 747
119 409 121
161 819 60
583 601 868
410 489 649
839 860 953
916 955 831
91 108 965
126 470 214
489 502 106
217 309 735
757 831 268
87 156 371
529 736 164
831 956 505
618 639 863
273 600 185
332 470 470
174 259 255
207 937 94
360 838 61
866 913 380
712 792 748
200 438 231
745 774 796
470 713 207
40 328 187
668 909 269
43 584 76
647 659 208
10 346 241
405 427 251
296 489 82
161 310 349
366 725 204
64 787 95
94 324 253
296 410 42
550 599 144
770 942 446
773 817 851
555 629 449
691 793 731
732 921 116
642 735 220
944 975 803
528 644 588
411 756 107
939 976 838
723 837 292
527 590 860
631 811 73
748 782 537
393 484 47
214 562 129
341 985 104
67 100 223
133 447 84
470 786 121
69 130 761
676 851 321
288 332 389
597 624 735
690 703 508
711 965 120
525 581 259
291 382 7
362 385 974
549 591 22
417 548 54
699 722 823
416 426 721
153 442 126
853 939 682
60 247 413
455 598 19
346 868 85
318 653 112
559 689 3
164 261 233
365 812 16
25 69 571
84 338 217
88 425 163
523 593 579
664 683 192
737 744 373
445 664 164
862 985 337
611 757 106
13 210 116
193 218 860
316 476 455
370 568 329
759 809 108
824 845 418
699 844 242
706 930 191
553 616 186
405 680 297
391 501 371
159 750 110
118 769 87
673 845 451
580 583 625
651 897 308
743 775 550
881 951 396
376 892 18
119 320 220
19 38 320
280 298 531
674 721 850
122 390 248
920 995 132
773 951 11
290 396 507
231 370 117
777 897 199
82 659 52
238 971 7
808 869 313
126 278 427
235 278 513
610 783 329
789 936 564
593 719 273
218 573 24
500 650 239
184 922 95
122 738 51
525 576 484
716 920 78
617 937 156
630 922 74
151 235 598
379 545 217
748 817 174
299 447 244
426 446 107
97 713 66
748 799 620
56 356 123
129 220 323
195 918 54
216 295 176
258 335 522
726 779 758
716 820 474
129 715 12
61 70 428
479 757 4
488 617 644
525 650 142
888 968 163
549 729 408
586 896 14
597 728 293
688 913 331
635 693 388
215 269 128
76 89 75
174 244 640
395 400 308
706 953 92
507 636 16
392 514 678
404 470 930
735 760 349
768 921 198
485 643 109
501 533 375
218 413 385
328 977 84
295 365 439
736 755 940
555 705 205
226 883 26
384 736 147
38 118 999
672 985 3
534 790 224
208 278 307
669 923 40
754 800 358
962 972 362
13 115 258
138 199 196
305 600 58
375 421 333
747 801 675
815 913 672
164 184 895
830 863 726
572 975 195
140 536 177
223 598 151
534 619 370
343 424 461
658 862 210
693 838 398
857 937 828
847 913 9
355 945 76
771 774 933
496 618 266
59 442 3
61 179 149
628 692 334
457 483 966
564 870 42
2 136 19
617 694 14
992 999 502
20 99 690
299 462 289
98 185 279
268 299 947
671 840 116
82 162 776
60 299 219
99 140 328
120 250 152
873 981 2
109 508 171
779 914 107
865 905 335
549 871 144
648 773 657
415 496 319
260 317 912
806 941 219
397 799 7
893 968 919
361 518 472
477 574 752
801 962 184
708 865 347
796 875 808
502 1000 105
11 686 75
724 788 789
223 296 606
771 789 186
790 844 871
648 910 25
706 985 168
568 642 756
869 969 610
262 495 62
619 712 570
248 315 709
37 356 149
149 160 769
86 119 643
137 178 461
740 767 817
644 750 34
743 925 382
216 862 105
645 754 164
131 154 781
186 303 572
270 733 100
824 884 61
812 884 159
538 599 376
605 910 95
118 164 876
464 500 371
316 782 85
452 816 104
503 586 966
446 606 435
545 807 274
266 309 546
28 46 44
387 541 72
307 564 203
516 606 564
860 970 481
780 900 514
860 875 65
232 298 18
600 660 535
587 640 91
510 532 517
124 465 161
486 624 576
498 608 624
157 375 215
33 183 66
981 1000 176
610 679 819
119 154 204
514 856 229
57 570 140
498 778 89
715 782 212
429 926 103
200 614 185
484 596 438
72 340 75
735 792 16
70 407 109
476 660 116
428 741 9
558 704 149
158 504 131
293 577 174
418 444 407
16 179 13
627 728 819
137 604 170
458 530 123
431 568 131
314 436 342
520 767 102
350 410 317
550 636 778
605 942 148
391 660 194
518 674 352
818 915 354
393 582 275
583 1000 176
35 163 528
283 414 253
74 313 124
234 940 3
379 389 478
160 395 135
223 300 628
518 572 710
296 631 58
651 703 717
931 985 973
371 486 607
563 639 183
785 810 905
89 337 310
177 307 469
245 845 118
42 412 178
85 424 29
450 474 490
218 519 171
758 824 431
728 874 37
881 925 3
133 194 672
268 965 19
689 792 101
174 355 162
776 884 70
73 303 228
594 945 172
200 510 91
716 905 331
401 836 73
112 152 683
27 184 484
578 609 569
463 739 46
492 791 74
638 806 248
177 498 41
269 884 103
961 987 125
940 1000 974
389 521 13
872 961 226
93 549 176
593 912 107
428 530 153
838 894 409
828 874 393
637 687 902
665 842 237
88 336 239
893 934 70
91 481 180
299 905 90
58 116 6
355 973 112
240 341 323
105 236 168
100 161 992
9 55 453
930 957 495
168 426 48
712 718 416
351 443 135
90 612 144
492 868 147
224 544 36
136 201 935
917 967 644
757 921 119
179 765 66
586 973 35
533 653 122
402 638 183
861 928 785
855 889 203
487 651 25
399 475 815
986 989 201
163 700 4
521 600 561
134 643 158
855 998 263
923 970 441
109 174 167
375 444 517
746 937 112
743 826 111
953 975 464
696 729 540
86 428 194
8 85 463
18 174 96
123 664 114
510 919 190
502 751 71
829 864 375
848 897 925
103 530 22
719 887 384
6 73 887
183 378 32
771 843 510
191 416 68
467 688 273
487 529 931
624 859 353
290 379 617
699 852 316
230 259 350
236 498 21
260 297 463
719 806 625
332 377 447
809 829 905
23 839 86
9 312 16
505 514 797
311 825 36
160 204 447
797 862 541
519 619 276
426 455 889
183 200 196
194 299 186
239 379 85
720 847 134
67 89 989
133 192 570
694 710 351
702 753 572
618 721 378
777 823 591
840 910 472
349 490 393
255 894 56
729 927 388
230 494 238
311 382 328
415 766 158
696 793 716
102 241 93
198 266 617
483 549 922
671 745 843
126 170 311
433 719 194
434 567 552
446 477 888
128 477 48
8 72 913
181 494 204
878 917 475
456 628 250
941 981 693
625 759 205
273 446 294
845 999 145
503 509 360
138 764 117
810 983 30
418 816 204
869 978 370
277 376 194
242 327 294
248 372 547
23 212 309
521 572 76
424 882 80
506 670 80
828 930 53
485 788 212
453 594 328
39 103 975
234 999 73
65 936 2
235 262 396
243 406 264
371 586 283
733 736 432
969 988 458
381 472 733
367 652 154
40 203 141
309 349 154
339 384 217
173 974 31
249 350 697
267 356 863
313 557 321
104 131 898
73 148 129
470 553 554
799 973 36
476 495 596
70 122 957
242 711 28
698 756 628
217 221 622
189 308 217
114 668 139
364 920 76
382 423 786
782 831 515
491 694 318
456 501 333
22 136 412
178 631 25
159 224 832
68 124 223
541 770 32
229 304 113
261 601 19
498 837 49
475 773 215
128 174 95
324 843 33
486 559 722
929 945 977
21 119 88
261 400 385
755 841 80
405 436 759
16 645 45
63 957 74
371 859 154
63 79 496
580 642 917
437 489 919
641 986 155
686 717 347
142 315 266
540 787 320
740 800 300
707 778 709
698 752 649
72 567 38
154 245 563
701 803 487
626 731 337
46 597 89
242 758 44
460 557 118
195 489 32
221 401 373
379 444 62
663 705 816
579 924 212
311 705 135
405 738 199
557 627 913
296 562 25
25 108 101
214 722 92
233 290 58
164 700 90
673 798 525
612 855 135
833 932 431
313 673 125
147 348 124
353 363 304
885 962 367
802 898 635
709 812 23
9 872 89
649 661 622
138 160 890
690 778 281
673 789 493
292 317 708
71 993 68
772 899 273
331 413 289
796 922 258
229 333 312
587 782 146
813 837 328
451 608 199
96 441 88
440 476 543
318 961 32
551 603 539
332 358 10
464 525 991
108 158 574
318 520 312
632 736 674
590 707 365
857 865 694
188 258 905
190 338 349
243 324 687
215 231 618
397 560 358
599 629 486
232 876 22
202 355 9
292 542 286
447 514 690
76 97 184
627 709 311
500 660 402
420 528 599
332 952 28
617 651 873
574 643 16
14 785 15
821 881 585
502 674 94
102 200 715
9 40 522
517 608 799
268 773 56
136 252 449
142 414 68
143 320 163
322 928 99
471 533 835
312 766 92
339 360 274
783 816 227
116 147 533
972 996 723
938 951 430
804 935 228
457 559 778
589 656 105
35 398 10
28 98 705
503 626 193
904 933 304
453 588 38
598 632 341
794 967 456
643 701 278
528 557 77
572 609 613
249 469 97
457 929 99
569 637 620
591 743 360
343 558 231
630 758 128
42 900 86
344 435 777
145 263 595
314 389 63
569 606 632
193 257 650
79 210 48
659 790 179
445 509 97
823 895 983
154 353 192
670 724 614
690 815 405
101 422 19
353 386 772
893 979 893
586 595 454
267 678 127
335 467 294
145 756 20
799 805 994
264 481 281
156 909 15
241 263 725
24 78 301
297 626 17
938 946 835
882 986 689
315 709 3
169 387 6
254 289 899
573 657 821
791 940 59
823 847 776
548 580 739
770 789 660
307 425 282
50 329 199
162 793 103
803 876 513
353 592 121
87 645 41
78 105 663
500 905 66
232 645 99
652 797 140
659 716 790
461 606 398
382 753 187
100 172 897
297 393 408
226 792 105
458 964 154
325 688 43
813 882 864
706 759 910
7 619 99
323 491 225
784 889 327
47 210 279
519 628 200
51 943 73
357 361 243
491 718 351
568 836 88
26 370 203
294 298 302
349 459 66
311 378 994
595 606 629
49 355 241
764 800 848
612 643 390
909 985 194
731 867 4
750 870 314
213 666 65
501 770 130
161 825 27
240 289 636
512 646 376
571 636 937
743 933 129
152 193 709
352 600 162
207 476 296
80 125 814
983 990 558
278 532 94
242 346 181
579 588 333
143 157 84
298 715 134
4 404 173
183 266 509
211 284 787
143 318 2
751 845 445
184 943 7
120 311 113
704 845 332
475 601 240
593 968 37
938 980 910
521 996 81
65 933 92
122 217 319
686 987 198
436 661 167
918 922 385
6 97 210
190 319 229
471 546 790
685 827 488
46 771 35
591 643 262
225 254 315
92 177 881
154 546 105
178 868 21
195 281 664
450 501 434
858 886 284
31 922 36
446 540 781
490 562 781
894 966 948
374 460 798
380 395 886
344 777 126
866 947 679
543 589 180
407 590 124
428 568 591
729 807 358
666 893 162
750 842 734
672 761 841
505 521 782
779 817 174
617 875 264
266 903 98
498 793 243
647 904 131
424 429 741
374 509 218
757 861 70
199 220 9
541 653 698
307 387 780
619 860 307
13 194 64
518 527 11
489 538 734
632 772 464
226 249 693
511 540 245
192 976 77
450 738 192
418 447 61
458 996 94
655 952 121
370 422 337
153 229 782
795 871 466
180 190 56
765 823 528
839 935 271
333 478 29
173 179 503
439 887 19
146 208 348
516 812 16
722 759 433
858 876 594
813 907 76
572 617 330
361 455 764
111 232 444
110 214 159
188 264 154
482 655 224
706 767 202
388 421 153
186 714 81
101 605 93
105 186 14
73 82 85
326 664 34
345 901 97
307 504 300
297 383 428
455 758 178
564 744 109
422 946 64
26 251 39
290 836 114
83 742 94
33 747 83
28 241 279
515 860 80
152 359 54
195 216 194
676 725 87
440 487 626
69 963 89
262 356 348
370 413 747
198 208 878
51 277 331
786 913 356
578 699 277
83 201 629
292 423 95
17 233 230
375 705 174
520 617 425
722 853 571
730 870 188
752 756 97
259 416 354
176 690 145
811 897 566
478 935 126
429 805 62
556 977 103
570 612 246
857 882 356
362 504 398
358 409 772
150 179 213
201 217 952
561 906 218
676 767 299
266 726 79
257 408 307
271 481 276
612 659 689
842 949 543
543 573 741
103 133 842
32 52 387
156 278 507
598 892 62
894 975 267
163 994 28
635 767 554
772 777 961
112 430 52
245 484 153
219 273 428
142 778 84
689 882 395
223 431 172
448 578 327
565 998 192
624 771 356
699 766 911
852 872 290
355 380 734
163 790 34
372 672 229
351 477 446
384 475 526
101 361 252
98 542 161
153 156 583
8 493 138
496 795 136
578 600 181
358 906 133
719 795 207
371 891 148
519 571 600
209 363 36
87 222 27
372 379 71
395 825 136
443 599 247
325 694 179
711 786 691
52 192 251
476 511 27
880 960 828
315 387 348
730 834 42
224 621 160
457 516 3
290 295 887
148 162 778
602 641 286
591 728 190
143 594 59
601 888 101
750 842 418
453 576 247
390 439 225
484 562 968
407 471 341
302 401 699
375 691 150
117 619 130
644 649 444
25 299 179
399 426 343
42 120 638
692 872 107
44 186 523
411 825 131
500 986 63
411 574 297
386 550 270
450 955 86
21 389 153
826 836 924
263 323 33
410 482 848
450 475 716
353 504 229
573 651 548
80 114 745
678 843 271
148 540 156
757 930 53
324 329 166
3 429 94
239 338 690
288 509 133
110 556 72
646 801 154
506 575 250
960 984 240
421 680 158
66 198 368
497 540 850
122 823 78
484 502 153
166 483 89
148 499 219
858 918 524
218 232 976
383 460 185
705 835 149
12 149 594
569 663 284
402 586 383
494 896 93
421 432 682
268 386 378
182 249 295
446 473 431
201 616 1
758 813 584
147 331 304
209 552 198
730 781 606
778 880 361
54 138 213
439 573 382
50 542 15
609 671 613
902 966 102
117 749 15
152 594 94
562 603 208
594 932 174
158 364 334
381 514 106
321 926 19
273 717 89
419 472 785
107 271 162
191 426 91
460 614 308
705 855 42
227 283 638
7 540 131
678 821 65
423 771 207
544 916 134
571 721 114
369 410 915
216 371 487
822 869 34
876 916 321
668 731 908
120 141 749
700 824 288
353 506 424
872 941 847
31 892 68
240 261 123
453 488 502
636 915 208
240 276 610
102 211 96
624 685 308
474 785 198
290 307 756
73 231 350
116 172 101
382 473 352
563 681 259
764 910 336
559 779 18
441 445 95
191 414 139
509 623 339
330 688 36
124 929 14
284 360 528
133 786 11
890 988 730
428 834 176
517 553 52
398 448 340
213 588 92
692 912 97
821 894 690
658 679 662
242 268 762
735 869 108
120 686 126
256 330 660
121 209 611
335 569 38
673 684 781
272 348 225
241 276 966
233 946 21
578 642 663
670 847 395
317 419 183
280 542 194
425 961 25
434 717 28
701 786 227
250 405 341
686 698 66
853 913 774
723 759 826
201 427 137
600 830 122
757 972 387
277 506 151
537 596 982
185 372 219
22 713 60
555 955 21
623 705 847
415 643 162
450 836 187
259 325 497
83 571 121
549 718 346
564 632 151
843 891 190
17 59 389
184 391 216
582 980 179
951 994 526
353 455 417
799 998 271
771 888 302
613 655 816
355 856 52
207 299 136
581 620 85
13 555 65
612 699 860
669 891 198
149 217 987
81 150 375
864 896 197
209 384 165
540 550 831
563 921 221
602 661 374
731 929 92
400 446 569
551 936 88
537 604 57
428 892 142
452 525 426
823 953 264
499 536 47
655 727 951
114 599 27
971 981 977
238 760 143
435 850 82
535 671 216
553 858 129
20 87 113
347 557 120
530 881 8
327 558 236
84 493 195
407 789 158
695 812 321
112 221 279
209 351 398
86 185 628
365 372 30
485 729 68
691 840 6
694 803 515
648 791 105
200 286 168
217 326 54
47 111 776
214 933 77
739 777 51
861 870 610
131 270 150
170 258 154
776 928 184
232 313 97
152 218 785
244 790 113
896 977 59
364 432 390
764 858 184
734 815 538
557 780 178
627 644 460
112 677 79
813 884 595
376 564 423
163 219 471
231 565 114
83 219 366
806 957 469
349 817 141
94 136 164
301 769 140
279 454 438
531 552 272
20 28 341
358 365 971
411 426 860
604 818 3
125 213 273
123 194 95
226 604 115
779 855 461
583 828 259
72 638 87
235 238 622
9 439 16
272 443 54
58 142 377
89 171 908
663 783 166
688 747 481
307 491 390
574 633 474
106 238 399
435 526 755
649 1000 72
81 654 88
629 717 576
330 675 88
143 844 33
267 451 5
49 86 667
299 332 754
249 707 154
202 390 274
70 563 102
374 846 52
616 714 534
178 230 5
476 587 226
332 524 355
518 590 771
488 589 269
709 867 226
205 249 306
193 287 205
52 246 93
296 549 167
22 158 533
898 920 240
416 976 41
681 757 404
724 903 119
498 690 248
614 841 172
387 540 510
172 837 48
824 999 322
165 289 553
383 793 90
681 693 985
568 650 692
694 815 145
374 468 468
569 622 308
15 270 34
167 280 640
177 366 44
817 907 551
67 370 240
141 520 19
387 846 34
94 417 116
570 906 88
609 741 202
462 539 723
430 589 193
505 590 6
422 738 174
791 809 575
582 693 413
730 761 230
604 730 249
651 728 400
662 700 151
535 814 42
410 774 206
504 949 70
629 781 192
850 853 899
594 644 359
306 375 437
665 833 22
802 924 246
493 506 493
46 140 364
629 925 278
231 338 22
267 315 720
751 792 862
928 963 413
497 588 763
37 292 263
153 274 257
879 899 366
26 63 362
326 338 689
550 962 26
453 723 58
432 754 140
204 301 783
471 673 312
519 546 993
821 902 472
310 626 19
338 975 30
326 618 159
93 362 29
479 810 16
668 675 253
346 509 354
792 955 164
108 937 27
284 504 315
97 247 306
354 730 192
278 552 84
481 534 640
394 800 139
527 707 289
244 304 559
569 608 253
156 173 184
895 922 200
120 518 27
536 839 57
136 176 589
761 893 281
583 860 279
103 443 188
485 556 663
365 377 50
133 285 169
335 414 654
414 462 669
126 212 583
399 564 33
142 591 21
92 201 611
490 547 913
659 851 347
176 956 100
903 973 454
509 586 34
331 397 184
873 977 49
75 231 426
166 170 157
510 540 34
417 434 808
848 939 486
95 518 53
319 407 678
535 786 166
296 473 163
154 234 805
738 831 810
858 929 703
110 143 762
77 500 18
438 453 981
393 558 309
65 888 66
162 228 396
50 278 52
478 586 148
190 196 402
244 298 292
93 144 109
8 28 627
106 182 403
487 995 17
716 789 911
794 853 745
630 753 125
116 385 71
459 530 267
728 928 198
485 547 764
914 936 578
709 789 245
679 908 332
354 438 863
262 385 57
143 636 25
597 649 470
64 311 158
368 600 178
241 390 352
701 824 562
264 377 612
108 197 214
99 275 412
743 848 741
543 734 127
183 349 2
575 963 133
687 711 216
435 478 771
718 829 201
672 837 116
423 937 42
481 574 43
935 959 987
501 991 20
491 654 347
731 880 414
62 153 383
755 936 347
466 476 383
426 871 173
197 317 492
544 702 165
530 743 238
183 354 149
751 890 508
225 287 533
14 148 347
377 856 75
647 834 207
79 323 234
87 272 345
452 988 35
58 371 199
421 470 651
354 511 374
645 707 469
730 750 12
23 153 441
327 446 292
64 648 83
457 734 70
203 506 267
585 822 218
294 660 108
367 791 73
622 841 336
407 703 224
564 681 647
22 135 593
267 376 137
661 762 48
696 745 422
623 704 494
579 624 686
609 642 483
179 735 16
422 842 13
482 568 239
474 561 48
179 807 19
176 391 251
681 752 565
551 610 472
765 811 518
347 831 17
205 227 55
219 238 809
925 960 417
40 298 179
415 462 17
286 546 188
288 371 733
472 576 480
131 234 105
129 138 709
441 487 833
479 540 63
620 629 783
698 930 312
395 772 119
582 746 436
639 690 233
673 890 215
731 857 307
73 293 97
533 614 353
28 104 774
137 614 73
900 939 395
168 275 469
120 806 7
747 781 9
182 225 76
407 499 727
91 212 634
166 191 364
745 843 653
428 769 114
330 880 38
25 31 202
228 351 458
283 441 382
86 210 366
191 829 20
498 558 802
599 892 148
766 841 898
385 885 58
278 847 124
213 473 276
805 827 899
582 587 277
302 377 582
434 521 521
318 337 652
397 459 951
273 728 106
305 443 81
450 587 85
115 133 302
18 811 64
374 384 814
165 642 24
75 376 73
204 277 578
344 421 591
490 566 63
409 477 829
565 673 722
825 829 681
233 433 245
336 544 74
112 218 264
24 462 75
218 426 206
748 899 454
485 517 133
235 585 182
151 406 259
48 81 69
206 227 496
572 580 251
883 915 133
679 820 528
48 80 469
380 390 186
684 856 157
966 989 200
517 678 516
690 823 218
494 977 77
118 138 839
816 983 158
554 914 191
478 596 580
215 605 82
351 401 411
332 628 49
360 420 833
917 980 25
751 848 387
138 890 18
410 491 242
540 994 69
783 845 736
350 447 803
164 338 207
206 217 988
293 869 136
380 470 168
631 725 292
965 987 945
39 53 254
137 415 274
310 722 135
538 598 156
158 330 402
446 961 20
15 18 147
478 579 414
203 383 170
246 578 169
19 297 196
433 511 784
870 903 291
273 663 60
475 504 909
537 842 93
103 187 571
964 994 710
91 487 148
907 951 203
590 661 502
497 833 241
795 969 436
192 486 127
707 804 272
374 524 416
268 788 51
350 717 24
242 984 10
550 560 992
140 210 153
754 882 605
480 612 317
484 650 382
792 925 617
633 716 900
481 500 685
272 313 235
113 164 552
936 956 682
298 682 192
663 690 877
147 704 75
577 652 284
210 492 271
889 931 43
661 722 681
667 720 8
735 752 646
268 450 309
570 591 697
183 365 200
625 631 880
621 667 502
243 488 177
31 149 611
737 854 571
310 424 4
176 185 829
135 200 334
710 776 448
368 492 190
513 977 147
92 576 170
607 649 640
470 475 612
571 586 246
399 426 467
186 696 106
405 534 98
389 445 833
110 573 37
173 394 266
178 241 867
85 239 353
140 367 350
494 788 91
774 861 369
588 870 169
447 466 393
774 800 55
304 614 41
65 111 307
389 398 303
745 811 964
357 383 791
81 656 49
22 60 915
550 628 907
806 892 567
783 963 448
43 130 414
589 755 6
48 175 68
292 389 38
173 271 568
368 569 411
372 400 805
378 439 550
793 826 846
294 328 903
303 450 36
819 826 897
556 588 861
211 537 187
328 994 104
171 280 532
228 254 848
240 497 61
647 683 333
632 785 389
824 827 354
153 195 573
306 347 805
503 596 296
307 437 510
593 702 659
217 465 188
750 962 183
317 477 289
335 658 103
616 675 495
887 894 329
557 638 804
197 482 245
563 641 419
505 996 148
85 258 391
785 867 903
267 321 328
555 988 82
367 456 68
285 671 20
839 998 452
241 312 592
603 869 150
133 147 507
466 478 865
759 903 528
631 768 210
629 666 329
367 384 85
101 775 20
591 695 237
104 259 22
175 701 73
322 407 818
241 266 338
181 185 447
359 405 614
726 851 532
97 106 332
493 503 736
754 798 19
210 223 436
367 606 66
165 379 128
450 538 334
348 812 21
273 352 225
372 992 121
749 767 37
332 560 33
240 610 67
964 983 853
340 601 290
689 753 169
279 398 55
229 272 482
316 924 50
165 379 359
235 287 686
515 605 590
514 591 122
486 780 127
287 461 55
561 706 320
470 527 903
343 470 92
9 20 499
564 848 224
390 600 215
17 22 687
523 783 37
543 937 68
148 731 28
699 723 639
528 577 156
36 105 884
234 253 544
36 400 7
240 386 308
161 536 47
466 732 195
242 302 713
498 547 593
187 361 353
803 836 141
304 368 181
10 660 80
511 690 340
422 837 163
400 480 988
427 549 344
540 609 46
3 30 478
740 778 683
976 991 340
801 805 300
779 869 844
262 868 56
131 321 40
327 867 29
244 257 775
542 772 274
337 549 208
495 527 923
37 885 84
260 357 329
523 761 96
445 629 312
213 290 150
518 728 162
364 457 87
710 751 559
367 466 792
221 546 215
148 608 29
289 666 37
849 878 851
469 783 201
614 787 431
161 218 508
271 705 174
325 505 73
507 618 628
259 265 900
198 299 614
7 175 4
177 399 266
601 973 142
360 440 164
865 972 728
97 144 265
5 330 162
390 397 903
859 999 108
634 695 346
505 766 2
324 731 29
342 483 429
573 595 83
447 461 416
33 276 149
297 472 130
855 861 492
119 830 17
259 327 157
348 535 373
154 380 170
919 948 160
924 962 359
223 349 226
25 891 37
350 652 29
480 516 750
486 807 135
694 764 306
871 925 92
685 980 215
68 434 226
325 558 186
370 400 336
476 528 906
482 492 597
473 745 58
803 906 198
392 807 125
525 709 115
43 170 141
34 920 3
195 414 160
168 388 257
277 975 33
780 860 957
864 941 175
811 948 5
92 628 31
732 786 790
171 359 147
445 562 699
249 278 463
606 803 49
122 482 169
102 921 101
275 347 763
117 524 151
870 902 733
341 429 99
659 696 889
758 846 533
924 964 575
432 448 786
730 797 844
137 230 654
727 774 303
214 460 296
10 72 937
672 752 155
231 402 360
380 388 575
85 130 459
282 303 266
470 658 195
821 928 205
515 536 723
291 377 813
37 117 215
413 984 8
291 516 71
23 156 530
940 964 665
86 687 84
316 505 251
30 83 258
241 265 623
283 311 749
504 819 190
545 902 8
175 437 68
171 279 256
453 820 59
748 767 406
10 115 507
8 68 546
885 947 290
120 234 647
539 935 82
294 431 518
554 591 642
121 474 192
479 488 891
182 422 123
61 99 736
573 968 36
185 285 480
511 600 625
181 193 882
850 916 595
180 645 11
848 865 860
33 854 81
471 545 863
33 478 62
536 647 220
625 671 278
809 830 797
174 379 160
144 272 106
532 900 213
135 409 146
29 155 195
108 930 86
839 951 149
262 303 741
783 895 473
391 417 312
599 636 991
458 520 496
101 120 806
743 822 769
132 663 134
196 961 7
183 835 6
363 480 469
340 570 61
332 404 110
156 162 996
661 704 349
54 100 757
373 443 903
5 46 198
481 560 237
212 253 159
90 249 121
117 442 22
716 796 445
39 987 46
516 554 821
721 827 417
529 559 873
935 964 365
401 801 68
505 614 238
2 843 99
54 105 375
168 185 820
621 729 122
575 663 202
107 723 64
514 740 165
688 691 589
910 933 819
108 153 6
34 352 202
606 762 403
64 503 161
624 731 484
513 612 224
592 865 29
599 829 18
302 392 10
158 335 13
26 272 169
728 824 315
277 636 188
20 81 364
753 901 169
648 719 980
556 606 899
960 985 165
566 996 61
202 554 211
100 113 102
325 852 9
502 660 504
492 780 255
149 982 44
868 951 507
142 539 124
176 449 66
485 580 754
490 634 141
147 878 27
569 625 334
589 662 968
225 259 353
231 815 80
557 873 159
302 800 121
116 121 368
496 624 317
341 721 141
201 343 486
781 999 302
940 998 289
273 755 57
11 109 30
734 771 191
548 833 164
498 505 143
157 574 194
574 737 226
243 668 49
141 300 239
552 648 752
735 821 76
118 503 71
186 443 219
192 228 91
106 269 49
459 489 802
713 721 983
225 943 43
240 308 836
48 251 97
597 834 51
505 625 550
435 754 166
165 218 60
35 98 436
713 771 303
142 373 165
323 778 170
874 919 737
269 319 278
844 892 410
291 616 184
288 671 133
846 930 443
213 401 81
217 257 934
627 803 38
389 729 145
282 608 73
318 406 268
449 805 138
2 541 88
42 364 250
187 852 108
213 308 173
259 325 736
128 172 332
603 759 77
803 822 448
314 444 151
574 604 642
23 224 96
297 738 38
368 452 68
654 895 84
575 654 202
12 125 39
515 602 498
10 713 59
239 982 50
189 343 186
478 582 51
115 168 476
245 256 689
399 431 216
447 750 196
572 938 36
394 584 363
322 405 616
883 927 232
326 371 960
599 956 158
402 592 339
421 672 81
220 396 278
49 375 2
562 584 873
681 979 53
548 826 175
315 334 532
38 761 6
751 848 356
441 610 101
519 801 181
872 898 563
12 41 224
2 352 237
820 894 899
315 332 777
817 997 203
138 498 21
537 600 681
254 268 707
315 677 118
67 136 541
265 321 869
756 902 183
241 265 845
352 424 454
462 523 892
764 842 421
826 879 575
112 867 36
63 432 114
35 55 594
512 592 743
871 957 967
165 177 891
737 785 407
543 713 486
807 895 21
48 178 105
370 388 737
149 972 11
563 612 698
769 786 108
251 897 65
463 494 583
553 750 134
113 659 1
184 310 581
784 945 423
522 718 164
772 814 243
179 225 535
697 810 255
86 204 315
576 595 449
732 787 663
777 851 109
329 533 157
38 630 89
290 727 190
412 598 396
635 685 828
63 290 49
48 102 818
292 781 74
151 484 22
111 181 24
519 886 142
878 990 356
170 517 33
126 292 398
479 877 181
329 447 74
365 458 725
26 65 116
584 710 499
582 734 8
183 332 382
394 606 23
602 683 686
386 506 265
100 245 523
274 329 718
75 343 171
112 245 115
500 757 185
747 829 411
6 843 4
748 795 223
518 536 944
671 894 223
923 975 251
165 314 191
122 749 51
527 865 72
482 844 116
432 467 505
441 704 56
511 803 25
19 491 124
308 873 21
258 489 274
476 675 127
847 862 819
176 606 11
259 536 115
266 993 100
13 136 176
876 974 228
644 881 306
164 602 179
101 316 38
255 790 62
518 587 959
353 473 402
396 506 13
66 385 220
423 970 78
491 588 234
490 621 18
94 543 105
479 671 6
481 811 32
286 352 393
148 341 327
407 502 249
672 804 32
393 503 298
461 528 121
718 865 204
518 524 630
435 708 21
664 760 342
865 916 113
889 971 375
545 929 79
162 703 24
795 870 1000
363 637 278
84 290 112
34 461 160
311 411 410
353 402 499
267 381 320
727 786 476
911 936 378
297 738 45
681 752 891
284 341 273
649 734 13
144 261 604
505 946 98
655 897 195
880 883 859
904 930 671
408 524 523
238 498 97
641 885 168
242 311 851
89 194 163
119 722 89
685 896 55
148 685 35
314 683 171
768 843 615
700 785 233
576 672 242
703 782 78
408 923 14
201 375 314
88 415 186
11 270 190
806 869 733
687 806 337
360 498 375
776 826 675
416 677 86
710 956 321
116 714 4
133 721 4
120 206 518
766 801 25
218 290 538
162 415 47
418 586 297
289 858 22
699 932 250
598 785 206
677 951 67
278 287 131
268 319 42
562 604 775
143 194 669
731 805 54
185 204 193
565 590 178
177 961 40
377 835 164
228 356 182
663 737 967
712 864 313
358 931 145
638 869 306
560 574 891
290 457 174
936 977 870
898 946 251
701 843 514
783 857 879
777 788 145
226 238 910
360 385 174
194 247 7
354 466 534
549 610 156
780 830 778
127 391 107
645 746 327
466 537 25
781 915 617
680 802 437
635 785 73
646 767 500
496 588 458
46 226 188
57 360 82
885 963 903
103 323 251
514 584 112
740 885 43
376 389 128
296 523 199
242 650 69
361 377 279
384 479 617
164 894 98
132 383 311
607 686 837
427 557 634
668 735 710
171 192 202
43 332 224
96 246 157
565 637 3
187 254 601
251 999 106
558 840 20
230 515 4
267 446 362
622 704 505
120 296 90
765 811 45
716 812 182
257 718 13
617 653 260
715 808 718
608 656 284
566 960 19
537 543 915
633 666 335
526 702 315
76 928 14
318 817 104
931 956 777
21 572 137
362 564 331
275 329 551
479 529 313
343 547 67
109 161 66
804 820 618
746 888 103
563 631 334
705 933 73
934 956 852
391 467 194
17 39 499
238 871 11
713 913 348
98 190 323
210 315 64
574 864 170
227 314 610
180 525 2
492 976 66
507 579 511
791 972 458
701 861 7
226 331 7
712 755 701
220 294 28
768 805 480
512 731 339
277 382 522
61 113 970
550 993 38
102 265 24
311 596 103
971 978 260
258 361 497
354 658 119
165 314 281
26 145 125
611 691 82
92 177 354
553 869 4
396 454 639
602 616 572
691 921 14
852 961 67
489 576 529
185 764 27
549 963 138
218 576 154
387 833 105
325 392 62
746 797 944
208 289 504
774 852 12
574 625 615
138 179 674
411 576 334
313 375 328
176 545 26
367 447 321
374 500 304
672 684 923
577 702 354
566 671 621
843 849 201
519 748 295
267 374 28
142 260 654
364 414 662
475 978 105
523 586 84
236 836 36
51 316 256
274 286 525
360 965 72
190 201 182
27 32 29
248 279 500
294 465 480
425 532 404
420 588 32
587 626 640
363 513 522
777 843 653
169 242 101
33 530 77
399 709 135
209 506 238
134 946 42
657 696 29
707 991 106
523 792 151
616 780 185
264 306 14
792 889 75
578 977 35
238 272 643
520 797 263
121 463 233
205 656 10
424 547 468
370 424 700
368 797 56
667 747 811
462 645 390
791 879 142
892 973 882
376 646 14
281 362 386
443 918 127
895 957 107
408 817 38
476 751 283
96 215 316
458 853 93
718 774 916
47 111 568
62 972 37
405 972 127
362 392 351
542 774 262
497 901 34
734 761 625
448 650 381
240 250 54
698 754 439
113 165 621
152 322 408
487 750 260
653 763 181
427 592 245
687 975 165
93 183 670
561 703 430
573 771 166
700 760 803
106 195 445
511 582 735
951 985 272
25 224 50
22 237 10
580 885 185
141 183 840
156 167 311
949 973 265
483 908 73
255 294 848
199 360 230
656 901 36
469 629 25
27 104 184
671 889 178
591 774 168
338 371 820
165 196 866
383 469 479
149 756 18
766 790 445
43 125 338
60 93 314
254 353 809
56 79 823
779 900 150
710 715 1
537 626 608
256 407 377
815 860 376
342 895 145
50 194 458
19 155 256
881 971 272
636 741 291
117 318 289
433 474 242
567 697 185
366 839 48
644 671 947
356 379 595
553 887 248
244 606 228
572 774 75
216 409 156
231 371 512
33 124 536
774 977 213
58 677 44
154 740 25
227 948 109
443 660 344
646 890 311
295 468 410
407 632 83
808 966 341
79 232 238
506 585 356
664 959 251
536 660 40
195 211 260
88 242 310
487 567 436
705 716 34
302 417 595
870 876 554
566 644 983
582 947 144
1 354 211
735 823 86
590 604 850
832 912 484
202 292 206
335 351 462
161 978 48
488 552 428
608 612 935
368 740 104
779 997 276
64 111 575
356 712 121
886 966 895
415 438 520
643 665 242
69 157 679
692 953 83
616 921 197
662 685 870
732 788 714
529 578 311
115 349 110
130 259 18
315 851 27
75 90 88
369 503 149
321 645 229
752 765 192
243 355 714
507 631 113
460 530 735
855 916 348
315 585 218
745 862 709
58 774 45
254 404 156
565 625 600
845 927 294
331 878 94
378 914 31
77 180 183
717 720 500
67 99 399
746 798 422
53 59 507
128 897 77
857 884 140
175 559 86
613 668 821
52 251 62
422 676 54
119 263 375
48 249 58
624 638 105
453 549 37
2 116 428
49 975 71
404 433 383
769 830 478
105 170 839
565 590 906
268 356 910
8 52 489
447 496 705
366 497 300
525 607 824
598 734 36
350 441 716
442 791 3
183 425 297
387 587 316
434 513 530
513 543 295
508 558 346
574 825 74
109 173 206
120 156 45
313 455 440
431 486 483
775 866 600
216 872 111
40 157 210
122 328 120
162 449 211
28 143 45
607 768 338
298 326 635
535 619 129
78 999 87
27 209 116
827 967 276
257 634 2
443 554 212
357 748 4
348 429 331
382 713 250
94 445 183
177 209 252
416 741 223
271 289 394
271 668 139
313 338 642
294 383 794
218 714 166
327 483 327
295 694 118
137 300 252
782 884 809
825 891 913
330 421 723
403 952 41
352 632 221
46 855 42
30 93 301
47 150 4
346 370 404
141 162 635
575 651 997
75 222 138
233 329 839
654 844 371
52 144 663
86 261 268
10 176 438
491 640 235
195 518 125
210 445 265
468 845 151
329 604 168
849 912 529
212 325 666
779 982 142
254 355 465
244 257 385
456 962 29
664 801 248
418 488 524
61 341 243
390 484 731
931 997 611
131 145 594
110 483 152
36 113 23
99 864 23
686 756 988
90 133 59
302 346 706
253 678 4
296 379 831
466 824 105
884 964 580
274 805 92
830 957 377
511 773 205
520 803 134
175 896 64
825 962 415
66 393 70
757 945 328
513 548 510
268 388 397
829 847 979
610 733 152
197 305 33
303 492 197
256 273 744
508 760 36
219 222 41
145 825 98
341 390 196
13 417 24
683 812 389
283 528 318
679 732 11
548 624 218
918 940 529
294 331 215
322 363 765
612 621 969
294 444 43
309 902 12
245 369 532
887 921 119
647 935 156
886 912 146
53 488 45
316 376 103
361 458 561
402 441 486
328 599 11
267 658 210
335 636 17
414 468 695
591 721 57
448 595 307
429 498 768
47 71 442
265 526 162
580 616 287
454 917 62
96 536 79
676 819 536
591 614 14
455 999 22
319 747 60
547 638 450
105 367 313
137 222 328
60 113 59
13 43 918
831 842 716
186 685 118
545 682 556
345 399 71
518 648 625
816 977 277
150 177 183
267 807 24
49 209 161
17 550 22
328 362 679
177 776 18
13 16 115
178 273 471
248 986 48
227 655 94
655 769 255
566 694 488
116 161 573
885 907 696
32 570 55
17 503 84
37 187 513
352 385 993
107 112 703
441 825 29
757 874 482
28 468 144
195 489 265
471 728 75
351 496 395
518 931 172
162 740 45
438 756 41
252 346 595
256 982 11
264 437 197
110 319 231
23 92 855
772 922 84
644 735 66
275 716 2
10 106 28
296 313 783
53 495 58
95 165 327
644 884 2
671 677 915
135 722 59
223 259 311
418 948 117
656 685 905
433 493 389
374 992 66
50 342 244
451 753 223
58 256 335
520 1000 66
377 587 204
32 257 211
497 786 26
132 187 858
75 165 630
920 983 38
770 908 200
209 727 3
856 869 816
864 927 799
45 156 56
450 798 168
164 902 54
829 859 156
483 815 32
790 809 438
168 214 847
602 780 350
34 43 315
942 996 250
202 819 28
871 882 545
581 709 3
851 937 652
266 295 686
774 812 194
258 459 170
337 345 417
568 597 640
107 624 135
73 189 337
132 522 143
618 804 226
30 58 912
573 936 85
521 526 910
568 579 451
649 691 11
438 478 373
516 563 906
408 501 157
450 820 67
897 911 437
98 333 188
155 571 122
475 607 527
49 372 143
871 943 930
666 875 142
656 764 52
635 708 306
94 631 3
226 565 233
82 414 120
179 212 467
515 668 122
744 794 135
854 941 549
683 720 979
903 976 547
99 239 180
423 555 194
517 670 405
242 600 91
95 461 45
412 521 478
349 503 130
115 593 94
33 72 404
339 404 407
361 413 162
852 989 28
103 497 163
589 638 399
501 579 571
71 872 102
427 525 87
297 316 289
469 633 42
549 873 21
470 862 82
433 918 57
821 919 198
27 142 383
96 483 195
696 875 187
17 362 153
598 607 788
701 725 161
283 938 82
528 668 467
704 943 148
709 844 498
440 616 264
288 420 530
498 583 216
214 302 313
587 701 664
23 281 132
617 766 135
642 716 10
435 470 223
589 603 208
66 154 143
170 346 231
236 742 104
668 696 960
271 720 27
461 499 29
258 370 91
285 624 123
317 612 190
457 567 196
841 863 38
730 833 412
201 280 395
285 339 57
516 801 130
65 513 42
825 848 739
704 729 791
271 672 13
518 771 279
765 807 652
724 795 219
533 793 246
378 849 38
583 846 100
356 599 115
253 697 68
439 769 34
645 999 32
67 100 904
524 538 174
845 917 413
783 885 654
400 484 759
444 455 428
326 530 253
809 834 297
849 942 819
851 868 600
549 745 343
599 724 618
268 455 215
747 849 216
679 713 914
663 699 311
280 406 130
799 810 35
160 319 509
236 341 178
361 791 56
252 294 605
413 583 280
249 273 147
250 658 189
430 630 304
15 304 149
487 510 99
159 505 24
598 681 244
170 971 27
708 777 326
130 135 698
260 533 135
822 966 302
100 133 800
32 433 121
144 603 112
711 726 904
544 588 755
277 672 179
351 478 109
165 395 152
609 714 214
379 526 301
311 930 26
807 828 341
596 790 360
268 408 549
902 913 676
172 187 809
799 898 672
91 249 243
91 740 89
605 745 233
120 334 139
825 869 321
916 969 791
398 410 457
523 546 660
526 568 545
570 817 93
583 720 273
413 489 690
548 658 589
629 680 595
25 259 201
331 474 319
267 324 639
866 896 849
322 349 30
17 243 209
92 820 37
6 29 681
122 909 48
84 293 231
796 882 329
628 827 224
214 241 978
844 900 152
553 710 492
286 329 821
171 563 195
355 388 570
199 257 291
934 1000 960
372 436 184
486 646 24
216 474 71
729 742 353
359 650 7
510 544 725
145 150 329
387 471 724
166 180 158
816 903 657
251 595 132
255 366 401
599 656 482
752 798 303
262 379 684
274 365 617
294 597 103
165 438 193
80 152 830
358 509 127
614 771 241
11 53 912
619 641 948
484 788 159
966 985 659
126 252 404
251 280 549
765 784 451
620 718 253
742 820 108
306 505 162
532 562 281
309 477 481
507 519 121
414 605 21
39 395 115
114 206 702
343 735 5
823 894 614
299 469 10
615 697 490
511 890 103
825 999 379
53 406 189
577 700 540
508 532 429
334 734 76
425 610 150
61 533 121
90 193 400
192 283 241
365 451 393
859 866 327
671 690 769
647 800 281
804 881 804
862 930 466
291 608 163
791 846 463
918 967 318
300 380 231
386 477 840
401 463 285
231 665 107
534 818 153
85 169 590
372 422 341
805 902 705
957 975 367
288 522 307
552 670 339
373 449 996
782 826 216
64 152 727
605 669 873
377 579 131
477 487 154
423 469 579
886 955 617
315 897 30
246 298 680
730 763 959
79 189 91
430 543 534
87 568 167
521 589 923
381 973 127
481 528 46
89 243 382
694 992 101
505 568 683
504 984 86
347 471 492
518 899 40
724 753 199
586 845 181
622 671 424
674 774 528
108 193 950
638 692 754
749 834 873
438 826 34
726 893 253
601 898 45
684 722 461
842 984 486
18 353 185
413 440 132
74 152 155
242 283 358
278 677 93
593 687 180
688 745 454
63 520 133
302 332 362
727 938 97
101 977 71
454 562 493
669 985 4
137 605 144
150 422 224
128 286 428
561 598 180
134 500 213
666 756 694
798 881 767
703 729 311
727 791 386
511 559 799
72 167 597
110 116 469
262 733 36
438 540 338
212 228 713
628 633 339
715 726 201
233 678 126
96 957 65
268 289 328
310 321 643
628 749 161
569 641 216
718 905 359
867 934 388
350 420 700
626 772 142
10 64 716
701 853 366
67 75 129
173 246 429
883 888 711
128 223 549
525 955 38
871 964 153
667 911 224
319 389 160
616 688 515
205 314 156
411 779 122
783 956 445
142 182 253
707 962 141
65 126 934
734 798 279
845 940 853
618 894 213
30 98 740
382 468 338
627 662 35
321 463 330
174 583 10
116 471 142
113 760 85
115 876 34
17 249 99
751 756 676
110 175 310
419 422 671
415 688 78
442 547 159
522 670 113
603 625 317
393 513 384
564 728 423
345 560 147
507 688 358
376 772 7
680 696 307
16 267 252
657 745 911
25 262 9
157 161 312
121 353 2
218 462 197
277 455 245
281 720 32
345 621 233
72 360 80
85 191 593
682 877 9
182 204 884
77 298 119
798 818 369
350 455 332
33 49 766
58 118 667
471 480 549
390 590 365
142 938 90
193 722 23
300 770 73
222 500 261
551 567 193
284 376 834
75 96 360
657 838 156
81 622 52
908 931 902
528 809 38
645 955 265
158 605 51
615 712 764
707 739 246
329 949 21
131 291 428
558 825 133
631 704 972
394 443 736
587 633 222
359 436 136
510 542 176
593 947 220
131 194 141
937 993 777
43 384 109
111 301 314
300 363 794
97 188 220
393 632 59
349 420 976
131 168 112
86 181 491
707 798 241
197 357 394
51 424 121
632 695 932
110 175 276
656 707 890
609 889 71
491 952 46
720 729 551
284 827 82
463 717 118
773 973 197
772 789 310
181 238 636
163 210 424
380 707 186
779 794 270
923 942 306
116 223 729
644 683 8
541 626 343
343 377 905
864 933 245
275 308 462
123 346 271
880 894 491
273 940 106
181 231 190
759 883 104
295 856 58
99 681 121
370 555 355
752 821 815
516 839 178
538 778 17
233 238 945
46 115 185
925 974 863
132 768 95
777 889 86
341 450 709
95 629 105
470 566 515
878 881 598
544 723 267
70 96 133
357 396 247
508 681 174
751 755 1000
176 550 26
5 157 433
412 426 307
947 959 178
974 991 108
622 708 867
773 956 154
642 822 239
319 617 30
98 379 106
628 863 106
115 158 328
725 761 69
584 940 197
180 373 73
205 491 134
462 568 747
232 309 75
286 450 349
81 101 283
503 617 342
594 610 814
633 751 315
149 961 11
885 903 844
131 172 361
28 59 269
132 632 144
131 176 44
404 432 771
298 423 347
676 740 3
367 447 741
933 953 676
345 365 669
52 140 422
194 211 818
334 390 397
430 507 184
416 592 335
516 612 560
576 601 373
735 740 302
92 311 34
244 325 610
17 391 128
723 829 195
135 205 246
37 201 323
774 791 284
692 702 827
583 621 337
523 533 992
53 463 56
56 353 254
453 547 831
353 589 345
763 784 742
28 168 478
514 723 295
348 439 16
405 456 430
616 753 318
598 665 168
617 848 52
218 855 7
836 870 550
129 300 112
179 459 279
320 366 177
11 69 756
846 931 624
142 320 459
349 938 50
43 159 563
665 765 607
38 76 648
113 321 369
579 939 79
521 657 223
117 135 948
594 707 305
52 200 89
282 288 636
278 346 491
845 864 757
534 749 309
597 644 371
619 642 418
316 330 940
127 425 277
577 879 15
166 226 217
452 922 57
476 593 416
897 974 563
610 658 81
203 210 627
276 440 222
601 649 809
532 702 390
703 740 201
453 744 18
99 555 50
146 264 199
794 807 812
722 989 305
9 628 69
236 715 145
673 843 396
307 693 113
698 800 355
499 777 8
750 788 498
294 321 382
305 641 30
344 700 70
224 349 128
188 262 67
179 289 78
169 385 149
438 648 268
505 777 75
63 228 103
192 450 20
421 757 209
62 124 816
442 756 226
176 191 620
436 506 730
9 138 234
555 882 189
260 1000 71
273 370 114
910 991 975
503 937 71
397 519 674
367 755 107
516 899 74
629 734 7
420 490 296
800 874 247
919 987 910
453 500 118
829 904 334
241 430 59
67 181 288
267 458 148
99 662 33
630 673 980
244 299 889
613 675 641
113 358 220
23 236 71
217 454 109
591 729 481
35 64 319
549 653 327
104 266 234
901 935 622
631 716 633
279 364 190
770 794 880
722 805 204
71 199 366
306 332 573
239 674 109
449 868 125
174 268 443
568 764 252
552 953 100
432 616 308
56 75 78
727 755 649
263 631 32
120 380 61
324 340 801
558 853 74
495 671 288
530 550 556
301 535 97
353 489 470
67 124 659
695 740 969
646 832 430
97 504 51
664 905 277
406 521 96
79 484 7
790 859 937
265 974 17
182 236 705
462 485 793
559 782 342
386 499 45
6 124 210
793 850 711
617 875 61
577 714 539
250 369 634
648 879 7
371 412 837
49 80 824
27 535 98
320 361 876
705 822 103
485 672 252
411 846 98
798 913 643
743 833 360
34 337 194
234 349 297
520 577 832
272 436 248
604 673 295
542 810 55
497 607 372
425 441 817
383 419 329
832 852 398
328 351 798
705 829 437
258 859 26
457 597 283
779 942 373
408 620 313
907 963 883
351 456 551
84 752 23
461 546 815
634 890 216
740 843 231
769 963 279
33 99 287
236 503 189
674 952 77
409 771 5
327 422 224
410 467 572
460 788 125
652 825 305
444 460 159
74 81 186
141 262 21
282 295 914
540 787 169
309 552 148
140 235 105
267 514 104
507 659 219
403 504 650
23 275 37
240 591 108
156 449 40
55 321 145
302 865 22
415 483 618
442 658 184
864 933 919
47 138 597
558 811 295
92 381 25
165 300 160
745 986 190
411 641 5
540 718 252
229 579 82
551 858 14
621 682 992
32 472 55
735 860 434
355 468 686
200 422 203
304 672 117
365 495 630
251 280 943
303 351 498
12 669 59
475 565 867
131 208 346
136 194 1000
518 585 841
193 197 32
530 837 115
233 355 271
229 627 176
108 777 57
280 330 857
197 302 388
61 522 107
731 920 232
58 442 137
547 776 113
461 563 553
375 444 430
915 958 152
29 512 120
570 596 481
168 456 186
599 818 251
168 243 481
468 814 214
494 531 850
448 451 35
583 601 110
313 887 132
795 863 725
36 586 87
514 842 57
28 49 675
486 599 420
165 502 191
475 757 69
787 1000 184
312 433 642
342 514 20
757 896 560
544 564 665
894 925 899
190 300 723
390 481 491
20 359 149
591 759 488
869 956 768
484 678 20
913 942 57
144 979 45
862 961 175
388 416 679
834 919 854
774 874 303
524 564 419
352 512 176
930 938 639
131 286 194
528 737 105
539 591 622
59 103 752
438 712 278
538 616 647
117 173 889
495 880 183
560 644 444
707 789 43
196 346 235
211 313 592
129 172 8
788 961 32
212 271 555
726 841 638
450 478 357
415 543 425
339 877 154
30 97 231
666 795 207
111 562 149
850 854 839
446 636 305
537 740 309
442 844 40
291 316 646
404 986 114
70 141 981
240 335 622
153 658 84
825 894 586
732 847 319
621 943 39
815 871 935
834 959 563
386 789 62
171 205 367
863 996 82
223 557 5
841 913 196
86 104 929
260 402 425
607 670 881
354 440 777
386 478 189
797 862 833
282 659 43
318 503 311
194 246 668
722 775 602
314 824 160
634 652 306
542 973 166
872 912 270
166 326 224
252 729 54
696 808 76
252 940 59
96 130 345
110 365 154
285 766 12
150 161 994
616 885 7
722 828 49
547 673 11
639 753 389
655 786 430
80 441 192
697 872 18
648 806 475
396 571 201
581 733 122
601 714 315
516 783 34
634 777 308
78 131 110
368 475 136
405 417 956
351 693 51
482 698 9
404 794 71
266 297 167
600 746 338
78 140 231
20 145 16
732 803 748
404 469 740
375 587 172
447 458 395
290 333 571
210 559 224
915 937 511
637 951 180
106 160 920
154 992 94
83 464 142
927 988 875
791 830 922
416 643 238
50 133 980
146 301 54
477 515 745
195 207 671
924 965 445
455 570 448
303 416 313
446 543 834
836 849 716
9 147 6
100 127 59
603 928 104
108 786 19
319 467 383
322 821 100
879 926 60
617 670 350
556 606 72
921 995 432
843 859 741
394 957 111
759 825 428
826 840 328
694 723 884
549 978 186
886 916 299
57 281 49
220 793 39
610 629 456
928 949 907
460 915 121
433 683 22
96 660 67
431 458 142
449 522 273
429 802 80
109 184 799
269 332 869
276 340 836
294 895 66
577 889 78
738 771 275
877 989 127
390 418 628
223 293 220
665 818 110
685 894 83
329 341 144
312 519 266
410 767 60
122 349 298
273 392 649
396 701 254
220 412 326
441 615 331
201 750 150
502 719 183
192 557 212
149 447 144
3 85 958
351 722 70
840 865 691
705 766 308
130 251 32
673 981 14
81 315 238
88 450 15
136 270 608
895 996 182
452 997 147
177 188 110
79 86 549
707 794 891
416 419 404
608 709 471
504 542 580
487 967 154
446 658 71
565 696 36
710 837 478
550 573 721
840 942 516
770 957 212
346 422 112
669 686 431
182 249 281
487 520 559
149 198 820
5 667 55
101 771 9
358 372 866
340 370 115
693 772 645
744 809 553
45 391 232
876 940 222
228 263 537
338 443 471
363 781 51
481 602 90
689 804 195
57 646 130
56 92 80
942 946 683
259 377 167
860 960 60
174 513 131
673 791 522
592 668 683
365 472 309
498 939 172
490 589 434
315 383 122
583 788 11
214 255 79
52 367 245
89 529 150
261 271 636
689 802 473
354 445 372
132 483 217
237 666 87
210 276 483
79 305 35
248 558 127
189 218 337
357 985 55
204 911 40
26 56 507
288 875 65
718 849 79
674 967 52
268 323 20
760 913 12
87 293 4
677 923 14
993 999 71
442 473 774
379 638 239
412 720 105
102 136 287
426 655 85
496 982 98
631 718 929
468 943 150
384 499 423
47 290 323
195 216 923
613 688 412
97 233 240
680 771 653
237 340 71
471 986 92
145 157 409
243 286 860
319 413 642
519 715 172
839 996 469
7 240 46
247 807 8
929 976 628
64 604 76
502 525 211
521 528 595
821 970 461
371 387 932
850 855 489
350 396 333
765 843 28
613 642 92
578 886 117
510 553 624
494 919 2
110 490 167
221 323 107
759 862 512
209 258 709
743 944 58
53 614 64
741 760 218
84 133 155
213 255 661
260 522 156
134 809 21
40 141 318
652 736 661
232 506 258
287 412 518
683 713 185
102 882 17
624 629 195
430 482 766
104 617 124
583 652 429
502 826 47
341 499 358
251 340 354
89 94 682
904 907 170
330 358 813
296 415 672
450 495 185
90 384 260
224 534 228
512 575 825
409 536 206
529 736 339
485 520 300
549 818 5
556 941 83
445 697 218
334 546 26
167 883 30
283 429 136
337 405 812
155 180 615
955 964 117
298 307 695
6 31 406
582 882 198
2 18 656
536 649 674
275 534 159
443 453 529
589 949 121
516 533 624
499 775 88
119 949 29
420 425 347
568 723 150
117 233 491
529 577 949
772 818 250
611 799 98
13 525 92
543 659 423
209 539 12
44 130 675
151 556 143
707 937 315
427 668 281
96 270 333
761 888 576
913 956 765
325 430 224
173 323 424
137 660 113
19 607 122
212 381 158
90 706 50
279 671 165
181 243 424
660 730 280
970 982 849
800 875 440
500 566 442
87 743 51
512 701 375
866 938 598
437 977 111
604 929 116
412 431 23
194 907 85
167 341 207
412 538 122
880 900 675
418 450 256
535 598 796
195 269 484
236 395 109
27 69 140
856 870 23
457 592 217
677 874 26
839 845 992
635 647 550
9 620 41
319 631 266
279 586 266
735 926 107
173 493 57
548 928 59
455 685 181
398 554 244
640 691 469
836 883 169
825 992 9
579 739 228
364 655 89
332 546 383
556 620 9
541 621 42
285 313 411
54 539 117
263 453 401
866 966 785
36 136 522
287 390 217
288 942 11
617 649 690
772 825 493
121 309 301
20 660 98
166 319 183
423 503 821
641 688 75
533 719 56
267 292 953
60 490 164
308 361 458
129 261 319
967 985 306
352 571 335
197 843 108
768 807 124
299 391 873
143 205 346
94 268 210
776 906 71
898 945 943
265 340 369
259 278 832
614 871 198
978 987 956
164 638 34
511 634 279
66 109 938
85 299 271
229 745 124
118 168 157
224 944 57
853 930 454
530 672 321
627 695 609
193 199 123
259 317 816
111 188 646
792 835 321
1 84 772
243 903 98
303 681 57
442 791 104
657 729 38
31 187 295
154 514 32
84 219 552
104 502 136
47 904 44
269 316 923
141 697 138
153 542 196
196 575 21
300 518 369
69 344 97
411 614 252
426 515 179
809 867 937
192 798 114
795 806 875
325 486 177
850 1000 332
373 483 357
151 361 83
397 779 212
495 520 795
759 789 756
728 985 54
601 889 254
358 422 942
206 567 4
658 746 835
209 276 97
727 741 386
837 899 902
323 798 133
385 539 400
6 51 887
196 870 82
231 402 88
408 411 965
578 830 54
483 578 163
247 475 267
268 345 517
52 92 205
542 916 202
214 240 842
221 356 288
60 222 89
530 552 204
458 844 45
741 956 299
878 995 239
210 723 71
876 955 626
211 933 11
605 746 160
38 250 14
168 346 317
288 308 454
453 667 216
130 939 56
61 709 23
371 479 770
431 875 49
97 166 404
813 837 644
915 937 703
77 88 747
340 389 967
254 405 113
625 918 115
640 654 54
817 864 760
917 964 709
474 671 75
131 417 91
565 722 110
490 811 9
120 989 46
97 299 366
686 830 439
874 981 104
829 850 561
197 837 52
118 203 956
315 372 622
23 614 97
125 542 98
79 201 347
284 485 311
255 551 105
103 210 389
257 846 116
277 307 618
814 945 350
566 725 204
674 796 25
321 365 472
43 129 489
503 552 385
480 533 161
575 643 284
850 960 435
373 675 156
533 913 34
416 785 135
576 694 348
141 192 743
593 924 224
550 568 464
617 740 296
451 970 98
836 907 383
233 564 108
473 657 169
272 379 197
339 713 221
317 778 134
31 116 402
701 769 454
510 593 377
456 641 109
103 218 45
395 828 183
455 571 539
300 879 77
411 422 673
591 619 248
927 948 336
381 393 830
600 626 257
679 735 886
679 710 473
319 510 210
21 824 81
336 426 423
448 493 824
469 724 4
23 334 55
40 541 62
744 763 182
488 900 90
220 437 334
303 382 837
795 835 465
9 183 403
540 851 221
776 836 165
95 299 39
271 306 249
866 929 779
196 472 74
277 487 5
132 190 85
324 727 200
86 245 205
346 404 318
420 742 72
651 716 250
350 995 79
382 403 573
74 216 275
374 535 326
774 916 46
211 353 312
818 889 776
128 817 89
601 700 130
183 189 508
561 657 715
91 267 27
349 385 582
252 812 12
340 479 431
659 854 2
667 835 375
803 841 88
284 494 60
31 196 305
116 190 988
344 405 622
227 768 44
99 176 955
354 461 163
484 584 75
234 354 231
337 507 216
718 880 133
46 130 220
754 772 697
463 847 43
864 904 694
38 100 391
201 363 155
293 919 109
225 336 724
110 183 388
535 658 367
225 771 113
215 246 157
773 856 790
495 863 31
436 453 654
460 572 81
816 911 652
264 840 80
363 406 33
194 254 437
36 492 123
143 520 183
608 693 440
199 299 180
515 712 279
423 529 365
301 623 223
45 701 109
274 464 336
198 597 168
183 870 33
82 186 735
334 414 679
264 493 128
245 818 58
729 758 809
262 271 914
808 895 936
19 474 29
458 620 278
116 337 147
433 848 29
416 743 163
676 882 269
420 564 43
101 652 68
159 238 146
158 906 104
721 919 260
366 473 318
597 666 109
836 860 565
337 682 12
215 276 337
542 982 64
136 271 69
620 694 473
672 684 769
170 813 123
642 740 724
333 462 285
778 961 133
396 891 41
812 934 255
529 629 762
70 87 976
314 369 335
23 252 259
805 987 361
368 413 435
852 955 308
756 862 564
571 737 484
708 915 329
561 828 295
295 749 51
619 919 111
256 423 144
609 797 274
106 242 272
399 408 989
302 615 197
148 473 8
263 506 61
847 959 76
185 321 338
221 379 367
419 523 499
393 451 997
131 507 66
88 269 342
814 975 85
607 673 246
71 535 4
669 961 255
265 376 109
94 369 11
25 74 745
100 284 177
345 659 192
94 401 118
728 760 314
608 649 60
263 630 32
653 971 259
681 719 872
131 535 54
798 1000 285
865 894 870
829 935 374
276 498 342
184 309 424
853 966 289
440 488 825
611 771 247
223 237 432
737 869 213
453 596 135
342 705 62
360 547 211
50 84 489
186 325 235
550 696 533
559 963 153
23 562 77
535 915 130
700 935 9
835 862 192
831 887 158
216 231 487
450 469 632
782 987 24
662 865 257
747 858 137
151 322 385
274 834 143
745 927 212
301 930 36
646 673 588
61 144 661
231 600 133
305 515 263
217 917 23
325 468 64
580 772 357
427 505 881
225 423 339
116 820 63
423 627 361
821 862 841
152 280 591
294 494 406
261 731 16
233 248 696
703 772 931
631 704 498
704 788 322
238 287 756
347 824 65
17 129 507
461 512 524
793 909 109
415 613 78
368 476 121
689 948 98
23 826 46
603 687 986
206 560 142
343 526 33
686 693 883
628 801 475
634 861 197
104 674 146
393 423 724
107 136 774
423 786 106
745 914 436
697 782 737
770 959 63
926 983 53
194 229 467
722 840 55
65 152 236
101 170 149
32 69 327
121 319 252
238 408 401
887 945 720
104 666 112
662 779 632
46 809 106
350 546 270
584 607 451
65 527 99
507 532 656
921 932 207
73 507 42
874 899 806
75 234 98
228 932 50
315 360 29
446 562 130
516 588 824
247 601 41
170 327 229
204 530 109
559 714 282
229 322 345
474 542 587
870 947 951
82 174 447
846 951 518
334 486 513
222 560 229
447 556 255
468 561 717
832 839 284
380 480 334
896 958 343
266 304 450
223 475 305
9 868 57
343 575 210
774 805 81
396 940 100
444 596 303
314 916 56
335 462 207
94 265 307
137 566 84
866 878 810
708 769 976
8 292 164
561 927 151
251 805 145
194 376 359
40 597 104
407 740 59
681 740 893
135 589 16
784 828 169
426 539 3
82 156 875
227 396 75
411 441 557
831 920 100
571 649 516
252 782 144
788 879 647
186 251 18
364 715 176
60 354 197
5 97 57
12 286 232
726 901 215
316 394 434
11 31 264
41 249 253
632 652 713
94 524 43
189 930 6
75 139 185
355 401 566
362 404 625
789 805 177
135 232 785
728 856 346
602 970 125
934 966 118
489 679 187
445 751 192
841 894 433
443 709 216
139 287 195
382 406 691
629 852 142
683 872 400
296 584 283
326 452 523
181 749 46
486 595 300
512 570 707
148 350 11
838 976 160
363 802 75
160 309 219
16 44 458
166 248 819
442 516 980
86 341 318
303 565 31
362 482 691
263 378 99
681 873 344
146 193 357
515 864 108
81 222 236
266 502 139
584 714 461
11 165 172
71 251 377
746 783 286
265 658 131
705 787 949
113 186 864
317 335 263
300 327 690
177 537 24
698 872 299
657 811 491
73 167 602
502 782 136
931 983 674
757 849 166
818 858 826
771 937 258
145 690 44
138 221 295
12 80 860
409 445 190
882 946 433
73 766 31
365 437 871
339 614 183
641 788 195
203 647 174
493 549 323
91 366 161
377 510 273
391 711 105
766 849 803
648 738 26
69 186 562
755 780 695
283 344 116
899 953 987
177 501 187
666 732 604
9 98 829
319 472 217
5 64 905
44 630 22
108 201 248
586 609 688
544 716 295
708 743 523
654 755 674
36 238 78
317 352 181
173 246 390
281 303 791
548 659 225
419 479 689
502 587 49
24 75 906
156 696 90
115 181 860
173 216 124
587 685 802
654 825 425
193 236 155
651 664 881
859 912 849
479 907 183
754 788 479
70 111 928
929 970 175
249 323 125
70 344 246
25 130 681
337 343 447
351 572 26
612 981 80
190 408 4
831 938 656
278 377 9
358 370 659
673 755 399
515 593 997
284 346 829
159 451 116
803 830 986
34 424 97
88 105 412
734 865 413
66 182 434
474 878 166
92 125 918
193 304 443
531 633 691
428 693 40
267 287 242
349 388 112
415 494 610
177 770 90
267 511 160
520 542 105
155 477 78
56 284 170
496 726 39
110 359 72
860 976 384
653 673 578
389 434 763
343 483 457
744 876 398
494 588 803
88 416 205
708 958 106
171 247 415
905 943 236
535 838 213
245 376 380
453 528 334
501 912 186
443 641 331
716 780 701
100 491 178
474 695 366
166 200 892
471 947 30
130 160 201
767 987 299
80 152 399
828 841 473
634 812 442
443 861 86
547 679 84
663 876 370
721 791 931
64 154 243
712 941 176
862 971 265
36 84 483
232 581 30
767 941 317
123 158 539
90 125 726
546 925 116
354 679 100
771 859 899
740 829 493
644 869 314
199 231 640
38 194 94
471 699 227
799 874 209
598 669 318
681 690 731
162 498 143
884 987 182
388 622 330
518 607 893
493 643 376
126 557 71
388 511 482
240 529 266
556 705 296
506 748 312
790 938 418
205 351 372
789 811 398
772 878 176
409 765 204
117 136 595
221 513 81
444 451 332
995 998 337
856 994 271
770 961 255
531 867 228
162 458 257
309 417 137
510 949 132
349 359 803
531 868 102
345 368 4
580 629 127
432 690 159
271 367 219
439 640 256
336 649 86
626 887 87
556 744 370
205 982 22
158 177 612
393 590 398
858 871 584
419 521 668
268 744 14
56 255 224
807 846 219
125 268 564
632 730 722
319 566 108
952 987 910
782 847 541
265 276 733
651 661 861
731 961 230
296 628 103
94 884 88
268 320 49
35 169 484
899 916 643
26 131 570
530 834 23
170 262 856
59 183 629
431 507 796
962 991 278
534 689 278
99 202 802
852 968 344
664 685 838
511 583 689
315 946 20
309 386 120
841 944 336
213 472 51
294 613 193
49 321 102
302 377 951
247 272 842
325 390 959
372 769 174
46 241 135
48 661 64
434 916 32
264 343 435
154 230 723
930 934 64
27 58 572
266 346 763
137 231 210
71 374 101
887 894 640
450 666 279
128 229 349
211 466 49
519 591 559
503 523 543
688 793 29
250 357 41
27 77 939
767 792 15
380 501 239
114 415 158
217 223 518
509 555 834
475 528 972
370 383 909
223 477 68
347 819 109
535 629 113
784 854 267
88 840 49
98 835 59
124 338 314
525 698 182
345 626 231
672 728 198
155 214 866
322 422 273
465 524 70
231 343 36
305 681 26
794 997 83
199 733 131
53 459 43
282 348 784
373 419 271
754 808 856
561 662 281
420 708 263
43 578 137
356 599 129
597 776 253
29 403 52
665 695 305
665 933 131
884 922 666
306 413 193
593 928 46
392 441 344
675 838 302
303 365 564
399 471 224
72 97 27
199 821 60
834 907 139
535 597 534
287 697 33
9 530 110
813 832 571
485 546 586
152 186 964
378 474 463
661 719 591
468 754 279
26 164 558
213 246 705
909 951 115
74 117 899
912 979 805
624 790 146
6 63 494
233 304 674
777 943 402
521 581 991
225 354 447
386 554 256
760 830 216
596 661 197
11 427 146
668 744 810
216 362 344
372 453 638
661 871 278
595 662 473
422 655 65
194 381 132
783 797 399
369 631 59
500 674 217
215 430 14
326 468 582
34 63 725
259 552 239
532 967 171
668 900 262
593 626 6
477 508 621
971 980 654
384 552 483
627 695 435
600 621 774
625 886 198
137 244 525
233 845 83
346 505 459
246 509 211
548 617 902
830 904 577
17 189 151
672 863 345
602 854 180
157 176 801
618 665 671
760 899 306
404 458 185
509 643 601
538 545 665
22 105 425
259 269 325
816 860 452
669 701 756
2 112 273
387 424 56
191 363 96
591 620 35
626 850 309
151 340 411
853 979 571
580 663 975
899 920 776
991 1000 308
54 583 38
485 616 364
605 733 411
733 769 537
505 718 241
818 935 321
907 942 270
215 378 230
451 621 108
744 748 825
191 479 69
535 896 17
524 646 113
22 828 85
9 129 481
616 717 552
287 655 199
153 165 890
490 573 157
308 889 70
7 923 41
705 789 358
686 924 159
570 654 562
440 546 56
26 586 72
228 478 106
73 656 119
586 608 981
311 314 535
833 937 32
380 405 699
23 405 177
44 129 348
836 880 868
487 726 1
36 187 158
245 477 271
119 844 41
399 487 348
732 738 486
736 851 631
840 884 122
876 900 102
17 35 948
44 112 484
268 822 63
12 119 491
421 484 720
496 666 208
528 691 341
566 641 34
648 672 228
311 503 169
474 489 654
421 431 224
505 596 567
54 82 992
38 118 31
729 751 716
651 708 174
303 658 171
635 839 401
82 819 83
243 295 345
88 356 308
848 920 890
108 546 178
896 983 566
434 476 825
697 768 983
572 918 223
121 594 124
454 567 696
665 782 651
211 988 7
648 806 426
296 422 426
191 328 421
74 528 21
193 312 504
678 906 98
9 682 57
11 126 210
260 345 556
111 182 161
369 467 394
321 740 115
296 448 325
26 86 886
253 313 851
809 869 206
218 660 185
234 270 48
576 877 114
162 270 146
588 815 194
650 748 63
60 153 174
648 764 537
209 552 163
621 701 749
102 116 919
767 818 116
897 927 978
186 753 30
417 508 595
853 908 331
203 710 48
801 860 82
554 802 190
893 897 685
473 582 598
102 230 321
32 615 37
266 472 314
230 312 580
852 908 759
888 974 283
509 534 944
473 981 9
253 540 58
748 814 440
33 462 20
46 269 293
163 199 421
286 723 92
575 592 191
311 398 691
359 458 430
705 718 263
424 943 157
737 775 79
105 206 738
301 358 348
290 366 965
155 257 706
520 734 186
558 752 141
194 526 70
328 373 705
604 622 225
531 591 397
121 562 157
674 761 171
294 639 167
232 254 268
385 658 142
79 100 200
787 844 719
138 227 720
118 638 53
168 382 329
91 102 460
105 212 546
666 778 615
135 736 50
597 688 617
948 994 217
517 707 104
143 241 664
357 584 136
606 610 110
424 576 324
224 361 45
576 710 279
388 576 59
231 811 11
346 482 562
65 129 941
333 718 11
598 764 167
175 311 205
496 888 66
81 932 76
381 767 176
773 838 645
414 841 119
387 463 870
626 667 505
31 34 361
685 689 58
428 480 796
788 929 513
211 570 37
168 178 898
718 876 188
99 195 481
231 529 186
473 738 229
612 708 150
407 656 52
278 299 568
622 811 215
890 943 53
363 448 444
627 796 63
75 608 140
221 346 331
320 421 690
688 799 90
606 650 639
74 316 269
682 733 146
208 329 145
387 514 77
212 339 535
760 905 203
478 527 243
645 897 277
57 184 398
103 204 694
4 172 158
318 387 253
479 690 376
279 606 116
812 844 783
360 563 164
125 445 10
771 859 915
94 372 134
10 385 78
413 627 117
441 529 597
838 992 53
883 939 881
945 991 42
783 995 363
731 927 116
833 842 506
420 597 119
100 847 51
876 999 296
788 936 360
547 918 86
470 510 455
45 115 746
186 347 515
187 936 25
734 811 876
111 391 125
474 906 108
913 928 985
782 997 226
496 991 120
189 221 554
363 412 792
436 557 472
407 426 82
547 722 77
384 527 217
173 204 258
439 939 74
459 497 630
538 552 179
859 877 989
380 399 824
399 456 745
159 416 97
938 951 502
369 517 101
267 339 914
85 276 323
115 332 340
803 823 762
712 761 690
424 617 265
164 659 141
917 960 773
649 720 248
18 140 447
587 623 231
175 262 169
137 976 10
635 665 210
100 999 49
246 277 424
192 282 331
453 499 503
40 959 80
482 532 449
154 602 74
5 83 739
487 531 588
163 488 230
706 896 52
740 771 125
495 778 118
742 853 412
31 208 399
734 791 688
599 761 88
439 769 4
749 763 493
587 631 1000
433 963 81
884 920 12
32 436 42
35 361 51
229 628 186
303 328 213
781 868 261
364 460 162
415 476 800
393 426 994
20 74 458
23 47 408
693 836 254
500 827 196
557 692 82
496 798 140
323 340 441
487 630 82
115 650 27
224 282 185
944 992 985
596 725 566
730 823 612
970 993 887
390 455 360
279 283 942
520 911 10
427 512 302
214 624 187
362 429 616
50 731 27
572 623 935
681 766 145
185 233 657
149 325 369
29 845 47
313 384 137
400 801 5
423 455 130
874 931 612
82 753 11
25 116 782
476 533 226
688 717 384
810 826 943
516 941 105
608 769 378
368 609 85
287 860 77
862 978 492
188 197 264
918 962 51
346 684 53
433 444 847
752 786 945
230 825 29
702 928 308
307 389 291
970 1000 968
281 287 336
515 562 636
316 461 361
69 437 28
289 431 394
222 387 361
867 966 639
315 737 147
698 709 794
581 925 138
647 689 878
71 204 50
732 853 52
956 984 184
82 460 10
468 628 391
53 77 332
217 280 172
641 677 60
680 745 761
248 593 87
625 759 84
114 201 831
922 961 462
679 717 895
65 195 582
266 819 33
220 993 54
496 549 594
438 463 54
577 627 751
52 684 50
885 978 356
422 715 257
642 660 595
380 725 6
377 465 690
361 654 11
683 763 588
566 585 255
323 562 109
523 546 379
893 933 43
98 964 37
481 510 391
177 611 8
92 109 907
514 618 108
209 400 403
159 427 276
258 525 74
365 524 70
245 322 447
91 100 220
201 395 20
637 736 347
367 553 361
197 228 606
193 737 95
600 777 236
172 564 76
544 628 629
88 125 897
803 841 418
715 745 814
577 744 43
83 678 65
230 423 400
210 235 400
23 490 64
167 243 265
87 157 51
304 310 895
336 446 733
707 716 331
741 786 815
789 952 87
538 626 888
166 434 111
838 859 651
498 845 67
160 347 30
643 773 240
79 319 127
24 118 122
17 125 631
815 958 491
752 967 134
285 960 91
331 484 368
287 416 588
443 535 869
514 586 595
511 718 294
699 778 344
155 292 320
456 545 347
443 539 133
338 401 287
277 434 511
70 125 288
20 220 130
10 74 669
432 656 89
88 447 122
293 453 67
660 672 769
730 827 393
694 838 113
570 606 536
586 612 616
459 502 930
137 158 974
128 243 484
200 434 308
566 818 3
460 864 119
495 569 199
324 387 626
46 354 15
973 983 217
182 357 148
258 359 377
542 610 944
312 745 159
168 252 141
818 996 94
133 664 113
63 252 251
732 745 509
51 252 46
811 843 313
768 810 872
924 937 194
187 238 210
332 609 125
322 440 143
514 578 821
541 557 260
471 789 136
385 482 559
448 614 48
16 152 5
591 728 363
23 315 164
273 342 127
279 292 296
408 579 90
190 393 16
517 646 85
933 961 971
487 886 190
645 695 695
130 326 118
659 811 359
768 836 369
224 308 196
403 799 81
826 883 908
439 634 31
354 455 704
173 783 104
520 580 282
595 797 51
857 921 98
917 983 880
795 946 524
82 199 227
174 459 37
9 66 442
373 936 62
90 426 25
216 254 877
561 597 26
654 709 379
494 694 310
705 800 676
244 646 134
575 996 176
228 346 245
853 887 146
821 921 429
100 289 120
816 855 927
865 975 112
552 805 162
231 260 705
150 245 286
378 544 84
336 477 383
309 361 797
136 235 194
242 291 571
57 834 105
476 510 709
551 557 516
231 333 618
591 678 831
151 941 24
270 628 81
781 813 657
199 235 711
428 467 927
412 689 209
383 465 696
747 963 112
214 245 543
473 928 84
749 978 354
859 962 681
88 320 268
341 728 129
422 840 68
89 126 563
825 902 818
412 445 351
532 601 274
100 221 575
207 252 483
17 154 296
220 271 1000
39 389 72
491 773 140
491 495 251
675 752 467
205 253 868
403 933 85
334 339 79
37 153 582
735 811 430
147 216 31
525 543 762
607 813 154
238 431 18
285 374 5
836 841 8
638 767 409
915 930 830
678 937 226
76 283 337
568 887 199
551 569 81
645 962 186
21 436 150
406 494 926
262 549 220
82 124 820
417 502 262
631 775 466
214 430 233
67 297 5
207 302 609
50 96 799
78 103 143
582 942 158
609 773 217
630 957 57
367 563 40
876 976 613
235 267 34
408 544 352
341 715 21
647 666 786
817 870 245
634 706 388
587 603 528
74 122 453
196 621 41
375 461 540
134 482 139
266 282 754
710 891 139
613 617 648
216 939 44
604 729 548
12 243 239
251 335 748
508 550 567
230 348 705
211 273 614
453 469 930
473 875 33
774 976 245
381 542 229
390 395 909
371 827 113
647 745 410
349 780 179
480 541 161
268 362 278
474 771 143
372 402 894
730 886 224
571 584 914
243 771 113
302 595 217
24 192 390
543 640 167
456 477 40
539 627 489
624 717 662
966 983 632
211 684 48
298 375 159
560 650 81
139 895 19
605 649 707
78 538 35
786 802 170
834 873 576
395 464 63
206 338 605
812 899 741
89 966 77
523 806 141
131 814 106
889 977 155
342 415 906
666 676 791
474 577 797
22 235 213
157 238 12
518 995 156
128 160 230
117 521 33
861 864 569
567 833 252
70 934 67
457 664 334
591 746 469
571 664 239
165 204 198
317 410 666
357 451 835
513 554 215
592 926 117
792 946 409
579 716 482
472 484 606
255 754 127
841 976 18
8 83 750
550 890 215
512 661 92
917 987 967
204 376 427
748 751 784
351 510 123
243 384 215
787 925 339
791 796 676
537 929 96
607 654 760
212 423 10
948 997 251
199 237 951
374 568 334
470 555 611
619 664 532
422 447 484
71 270 412
387 888 120
290 480 135
361 880 79
786 844 159
178 366 108
401 496 690
245 274 607
784 966 358
167 520 68
542 567 382
317 327 573
721 972 37
482 744 138
568 686 702
15 174 368
60 945 23
811 893 277
651 700 882
863 932 518
70 757 81
608 778 486
336 416 815
168 223 412
92 823 51
426 770 19
389 495 702
121 144 145
218 553 196
176 241 402
143 224 378
786 847 428
423 908 19
793 876 846
628 851 132
273 286 245
916 975 318
666 778 702
407 503 512
251 923 25
368 478 393
144 763 129
375 972 128
836 941 125
506 676 13
346 386 170
265 961 27
454 621 293
810 950 163
112 206 651
19 116 318
763 815 499
746 841 397
974 983 184
6 269 257
84 128 156
543 705 95
526 665 194
600 935 108
29 61 369
482 632 148
185 457 135
850 871 532
272 502 315
439 928 6
691 726 31
192 272 17
373 403 31
769 872 369
665 789 389
810 865 461
611 958 223
821 949 100
508 520 399
47 401 77
978 1000 209
466 820 180
509 550 665
499 548 192
524 828 225
747 861 334
506 528 317
83 101 227
896 989 593
175 626 18
18 318 199
326 444 558
824 960 179
274 344 325
367 643 164
558 810 161
534 922 188
598 701 805
321 533 226
843 960 424
616 814 348
485 780 195
321 373 784
423 892 133
89 664 50
43 457 49
656 662 786
503 537 260
653 680 24
605 660 703
562 575 425
660 679 789
768 862 582
179 318 418
151 179 566
220 861 69
579 763 231
420 501 787
504 540 386
253 298 472
595 896 15
827 879 712
495 642 242
971 999 93
131 593 132
694 714 307
828 860 445
290 356 11
369 785 150
178 730 137
137 812 102
397 866 167
529 552 46
84 198 434
334 580 29
627 795 110
398 901 78
302 363 256
161 236 266
201 897 73
688 703 330
372 395 172
446 729 273
337 381 68
817 848 967
373 735 167
674 700 456
571 583 677
498 558 369
819 883 629
515 649 186
132 214 316
465 599 246
862 934 134
26 413 161
556 819 266
762 911 138
199 203 484
42 316 123
464 612 93
505 688 229
771 850 138
323 399 777
733 861 304
28 129 19
494 889 95
365 486 614
447 506 348
7 296 120
135 844 58
300 315 523
521 527 510
319 339 216
456 722 203
91 175 206
449 757 22
554 780 293
881 955 796
760 890 429
697 793 195
312 814 47
325 439 645
184 605 59
403 489 58
892 956 973
837 966 360
585 967 150
589 620 325
160 257 225
338 512 300
125 430 231
562 655 167
63 228 193
302 323 387
563 634 106
88 388 8
264 483 40
792 896 282
524 888 180
18 36 890
538 706 381
469 481 265
462 707 20
104 127 427
107 162 142
440 651 22
564 624 634
103 637 147
403 683 58
441 535 743
646 715 270
27 51 906
789 852 705
214 577 41
744 881 393
717 757 748
68 302 312
778 841 191
163 255 103
713 858 260
204 239 515
776 939 214
559 746 110
567 612 19
79 96 799
161 167 952
101 408 12
403 519 421
669 995 41
353 537 382
253 684 55
385 491 46
364 444 675
40 147 169
728 793 482
684 708 266
468 480 657
184 511 152
598 653 498
412 470 66
453 641 300
304 400 32
446 560 331
2 416 153
672 809 287
793 859 629
821 855 741
536 643 658
214 319 519
40 661 22
480 982 27
205 709 9
426 597 243
872 962 608
556 682 137
521 886 121
517 759 1
201 356 425
718 892 213
651 843 193
340 476 413
335 851 131
713 909 421
675 684 654
456 954 119
415 462 766
745 922 432
917 930 650
636 811 39
529 654 350
122 280 305
477 550 647
452 456 718
700 984 67
128 874 107
354 375 23
909 983 771
740 819 212
923 926 145
393 812 147
225 748 40
944 975 408
502 920 180
6 32 603
522 856 168
829 905 885
196 209 518
601 648 805
429 502 105
848 960 546
916 996 210
334 618 199
340 838 152
608 996 124
565 673 119
295 372 976
679 932 240
387 434 722
155 171 286
18 474 106
764 991 83
520 560 701
760 811 979
45 739 96
588 892 21
354 361 502
761 771 514
437 628 13
785 810 103
394 683 262
3 67 427
680 913 318
218 228 849
132 203 321
340 440 233
470 513 643
99 275 398
200 550 109
309 670 226
873 932 447
276 405 133
79 156 235
715 809 819
650 667 931
589 804 212
586 643 214
706 782 501
567 575 661
975 990 316
752 846 456
503 968 127
702 777 775
796 923 152
354 388 769
399 496 1
138 299 389
187 692 41
416 615 109
637 696 956
458 543 187
385 669 35
142 675 104
421 628 267
765 865 458
641 698 184
88 151 56
801 856 29
248 400 341
325 396 882
182 489 6
578 743 92
357 971 129
455 579 9
600 844 261
645 794 189
375 541 136
608 699 607
443 531 101
6 154 559
509 586 847
324 343 337
83 493 7
198 429 233
799 889 435
380 707 220
505 537 394
362 498 433
62 862 12
193 333 254
728 834 611
526 861 153
88 257 392
874 899 408
205 242 131
742 788 467
793 969 257
422 487 889
516 554 183
768 771 13
95 217 455
641 814 97
208 252 188
278 357 664
598 638 33
763 981 49
305 322 466
122 276 301
19 475 160
225 963 89
333 416 433
557 687 10
872 905 454
103 166 711
195 367 424
905 916 774
457 477 209
252 286 498
130 451 129
5 129 627
779 787 931
437 901 41
216 652 65
312 346 705
267 920 30
111 585 54
496 631 279
253 691 146
366 485 625
356 397 710
887 999 40
23 212 290
633 694 437
171 278 444
369 775 98
149 422 269
177 297 568
738 922 312
510 634 185
505 522 485
