7500
230 268 721
178 350 334
544 854 36
515 768 142
343 625 81
532 739 240
189 624 85
138 499 48
190 350 112
342 653 59
939 960 538
1 81 289
921 996 851
177 524 174
96 238 125
611 983 201
758 843 373
431 951 152
305 364 99
396 557 295
33 925 38
794 831 543
33 112 902
632 773 248
835 910 440
793 954 362
699 999 235
314 660 91
618 987 61
851 922 383
395 560 223
471 793 233
248 299 790
74 170 823
449 727 269
430 762 94
292 311 762
15 218 139
582 625 340
567 627 187
593 747 410
779 812 317
258 262 619
481 532 749
435 518 696
201 266 523
474 481 547
344 534 194
369 465 788
625 971 28
161 261 831
816 857 420
42 262 275
405 508 383
59 285 13
229 288 695
79 160 652
62 110 42
521 542 308
300 597 143
206 484 12
894 994 778
861 892 131
927 980 286
185 255 291
308 337 935
320 687 106
541 905 110
135 346 281
552 837 187
315 324 892
479 760 129
105 254 275
98 175 655
456 873 154
626 667 113
436 460 742
652 694 583
499 708 178
343 497 37
542 753 381
153 238 388
330 536 163
788 920 160
333 737 161
110 165 531
383 604 10
594 723 570
797 1000 314
285 290 467
149 211 344
461 520 701
62 306 188
580 593 395
133 227 63
122 133 215
755 851 333
315 992 97
641 838 36
504 641 502
193 512 8
233 506 94
778 939 40
43 98 657
500 671 452
438 680 171
50 214 235
40 305 298
248 784 127
629 658 316
535 748 383
947 994 975
445 572 203
382 453 339
580 960 152
181 255 206
401 477 281
931 983 915
73 697 90
777 818 574
154 572 145
451 563 237
300 528 68
892 985 423
115 427 100
505 658 51
63 375 235
714 774 348
582 604 175
7 24 390
330 337 149
351 472 386
730 974 202
625 689 728
459 490 505
719 997 246
28 114 463
673 748 745
262 470 190
769 870 352
684 756 391
259 557 107
112 751 11
374 584 90
282 367 810
816 939 70
53 242 381
428 462 808
481 609 276
27 37 188
409 432 684
646 726 748
907 981 693
98 200 775
499 915 149
916 995 263
454 577 516
423 793 193
731 869 270
523 870 224
366 920 20
733 822 133
606 871 107
676 876 187
56 235 236
298 764 80
483 683 293
497 807 233
812 955 523
273 444 38
535 663 366
414 424 893
171 505 166
705 766 189
349 390 346
85 207 497
105 112 156
228 476 90
242 606 65
614 721 510
70 129 99
370 525 443
720 753 405
362 387 17
437 682 57
316 851 38
434 620 1
129 277 205
708 733 83
363 466 489
324 701 58
591 741 470
731 921 80
382 455 881
414 881 1
633 731 688
532 892 121
635 955 250
136 169 660
864 921 240
378 450 871
486 890 89
288 473 357
608 677 396
272 812 45
21 92 379
469 518 44
460 508 241
593 662 35
162 289 276
718 828 531
135 289 174
90 177 556
39 42 859
55 177 513
539 777 8
95 109 551
88 244 523
46 312 248
801 853 593
738 842 677
689 729 444
247 472 244
163 171 959
332 793 152
38 383 240
546 629 800
3 513 97
915 919 466
296 598 215
341 458 212
673 691 523
359 375 62
340 556 146
823 928 363
34 407 101
577 861 84
178 473 196
19 59 554
45 550 145
217 405 67
20 207 285
904 941 118
957 980 878
320 512 357
130 273 413
327 443 501
59 618 120
814 922 669
53 595 62
720 804 450
432 639 145
183 305 75
91 319 32
493 553 669
150 456 91
245 571 92
172 298 198
525 676 58
85 124 325
816 939 14
50 385 5
322 462 138
254 757 123
140 508 72
775 839 350
471 681 273
531 958 29
677 861 366
734 874 595
444 496 201
289 401 652
554 765 103
142 762 69
532 611 886
117 630 114
609 721 726
470 602 138
348 626 121
599 628 963
145 451 141
367 452 91
265 351 499
679 799 327
182 471 197
229 373 424
415 504 196
942 970 252
451 858 203
56 289 357
810 928 398
696 769 349
329 347 881
22 551 31
786 996 207
718 732 804
179 436 269
640 720 547
439 689 93
362 410 529
419 512 600
793 962 310
245 272 775
19 82 544
468 708 197
428 472 535
66 394 210
575 581 660
119 359 326
70 582 138
190 207 14
496 519 452
809 977 12
163 467 124
404 715 193
694 856 192
71 217 500
732 752 736
516 535 285
687 702 454
462 710 57
597 661 207
33 894 59
292 728 90
72 178 560
848 881 239
227 637 142
596 677 611
630 769 421
243 372 517
70 739 42
430 978 87
292 724 116
647 738 509
366 990 5
362 579 157
414 908 35
547 563 655
12 51 901
253 873 86
637 740 98
289 533 316
89 222 598
249 282 434
527 1000 162
828 921 489
550 636 717
382 453 629
75 161 318
259 481 185
339 405 426
175 813 129
682 959 151
125 409 222
746 1000 160
608 779 308
367 456 463
336 348 645
510 522 722
623 627 898
35 133 156
354 369 21
531 604 95
441 450 899
655 967 226
619 688 978
206 271 461
329 407 240
581 754 309
126 621 119
54 285 67
363 417 163
794 921 102
855 933 423
46 134 26
457 653 124
673 732 760
678 908 238
72 135 413
321 454 172
768 945 431
326 334 835
293 573 103
79 217 482
18 132 71
43 62 949
619 940 60
438 857 167
197 212 306
355 457 285
682 777 509
583 889 216
233 559 128
403 492 671
366 599 256
553 674 655
354 367 531
728 779 178
345 577 337
26 357 214
6 475 103
18 316 234
800 894 221
783 832 118
950 964 384
614 624 834
224 618 196
131 438 174
454 533 971
545 661 511
364 799 105
180 814 6
156 788 123
410 597 208
1 86 220
10 20 566
99 254 79
733 765 147
97 119 834
423 525 96
705 803 593
286 437 35
57 85 505
191 218 452
724 995 4
874 899 761
729 800 449
615 871 283
84 109 622
365 407 472
787 952 420
58 990 40
644 745 183
208 333 265
388 654 59
163 206 638
247 322 169
355 923 29
555 617 803
611 620 986
360 523 317
783 986 278
886 952 62
277 412 24
278 426 474
525 898 213
940 957 814
877 941 942
336 489 363
445 919 122
236 260 571
100 219 191
434 467 474
265 474 190
399 472 615
520 669 332
59 201 497
532 643 48
108 507 164
663 982 176
87 109 572
451 690 148
223 391 302
708 771 3
571 889 161
514 885 16
565 956 30
67 397 127
542 926 14
565 877 172
15 99 434
422 552 550
55 167 660
110 273 508
73 135 869
382 547 415
460 479 632
810 946 121
232 597 17
315 766 144
556 664 601
539 947 37
5 114 754
174 358 349
807 810 357
608 704 84
367 520 288
330 437 28
740 793 167
153 643 88
344 493 134
326 989 77
321 545 14
536 815 237
293 337 688
804 992 112
602 968 204
874 955 676
20 164 131
836 877 449
61 278 294
308 332 176
264 803 143
56 283 63
203 405 365
193 389 52
203 788 49
94 210 696
324 380 403
374 968 100
462 714 129
34 749 116
801 973 272
407 785 191
181 460 206
138 730 67
41 693 48
380 450 485
45 82 359
714 819 403
563 667 265
914 931 512
113 131 681
155 835 101
726 842 70
151 175 194
363 500 399
460 856 178
351 439 259
287 301 196
578 646 714
187 370 94
828 832 84
292 385 547
336 452 671
101 329 127
55 326 129
300 400 764
272 301 442
694 720 376
675 693 883
296 320 590
341 895 103
572 600 177
149 187 150
761 902 500
575 699 571
756 979 17
113 269 322
499 720 12
924 972 768
643 875 99
963 988 370
563 625 792
864 902 220
676 931 283
353 754 131
257 385 173
265 290 547
638 945 71
542 906 13
13 852 66
604 954 114
717 830 107
650 740 465
216 341 570
156 195 536
82 185 131
677 702 270
697 891 246
170 434 139
179 275 654
778 947 35
616 671 726
210 333 269
97 468 92
135 142 951
304 437 502
171 584 13
677 726 587
683 849 494
367 910 86
532 598 304
93 168 620
95 242 152
67 176 72
466 644 260
435 441 933
950 982 764
607 891 90
528 542 812
365 414 333
81 152 135
78 179 674
192 432 176
26 137 274
662 741 633
518 944 54
690 910 24
96 158 861
647 672 31
524 593 907
450 525 505
521 562 712
36 504 61
729 841 429
404 663 240
717 762 801
553 612 923
674 837 318
13 517 5
619 624 560
5 578 53
109 140 439
562 632 785
574 765 232
85 177 155
200 402 374
421 551 463
717 955 267
80 221 41
343 746 132
678 771 186
422 442 275
265 281 618
663 746 942
564 896 177
247 409 62
93 233 100
734 791 220
913 928 69
536 575 382
295 473 181
55 183 615
521 642 494
724 991 150
115 169 212
829 868 673
517 745 20
359 801 89
283 555 93
765 823 679
715 773 761
228 398 226
442 729 171
4 383 21
104 135 622
513 587 738
628 673 581
487 651 479
360 888 12
318 758 54
611 629 633
231 256 559
568 725 183
763 775 97
576 608 237
671 727 648
634 691 282
498 951 72
564 592 702
555 596 725
647 841 223
74 699 47
155 471 112
403 887 79
546 700 502
655 751 261
342 514 481
419 596 102
175 630 81
76 618 109
716 781 567
318 378 796
82 144 594
800 804 478
196 328 135
152 918 104
40 53 323
725 933 88
829 913 746
33 223 147
602 653 609
275 596 201
52 516 49
364 775 125
481 904 139
273 366 47
573 872 7
710 806 531
642 734 386
439 454 75
137 258 252
189 199 372
478 637 156
564 606 163
907 976 424
945 982 506
321 599 295
672 855 176
621 628 602
24 276 115
500 958 74
426 650 347
435 702 131
244 405 257
261 353 496
238 453 111
371 917 2
536 878 60
457 585 548
153 241 183
839 882 335
17 67 436
867 877 554
254 480 28
323 336 326
38 64 398
243 529 37
91 175 652
111 618 46
579 588 303
392 475 649
160 163 965
277 369 641
211 438 337
388 694 19
286 385 411
102 202 686
389 622 346
69 232 386
323 420 855
416 610 327
223 739 81
458 517 995
60 176 101
829 862 651
267 637 113
118 138 545
413 765 78
527 621 571
585 901 8
329 987 49
182 588 109
734 815 169
328 561 102
629 858 90
705 755 376
16 563 63
55 261 322
63 171 741
693 715 438
32 144 264
454 459 360
228 706 117
452 491 686
573 650 363
917 922 775
249 318 430
263 333 807
583 893 47
299 474 89
6 482 146
553 985 12
700 795 796
93 235 153
887 995 356
296 316 59
432 679 253
754 895 342
445 630 105
123 973 55
487 699 145
498 806 210
739 889 298
119 608 43
375 773 82
123 209 554
472 602 561
38 752 83
366 857 99
244 855 77
440 504 857
403 796 106
92 970 11
603 837 85
271 878 74
696 745 961
454 830 207
468 571 519
820 864 923
844 890 867
356 625 179
318 470 461
802 830 698
63 178 447
335 543 30
257 360 115
222 433 193
246 589 31
306 865 74
791 860 51
528 581 850
166 670 57
716 935 193
558 662 178
344 377 254
574 667 503
657 738 702
151 182 725
49 336 22
90 93 599
123 181 458
32 305 240
388 514 350
313 656 50
291 585 180
621 846 120
412 448 135
199 429 149
390 656 153
66 382 24
279 423 137
931 944 415
733 999 130
408 785 18
137 221 490
33 717 2
579 932 102
212 387 305
343 971 82
142 994 93
683 773 842
23 150 176
606 815 93
501 821 222
187 241 88
861 885 202
553 595 29
347 432 279
504 966 82
620 736 194
819 822 793
263 517 269
112 418 98
225 422 383
786 850 206
104 210 734
320 531 293
388 418 153
406 434 614
358 622 45
42 835 44
178 374 315
514 696 304
193 670 32
360 532 367
220 230 343
243 782 7
948 983 733
114 775 102
631 731 171
93 575 81
702 826 247
536 914 183
854 955 301
476 504 308
85 386 228
745 850 159
644 771 386
259 314 762
348 431 320
525 842 24
838 989 500
152 204 508
55 196 346
439 642 100
733 927 26
41 339 84
270 416 538
625 825 349
76 573 53
102 437 239
777 991 364
828 967 396
348 366 54
271 306 485
218 449 224
949 969 154
113 642 7
311 469 364
324 399 30
674 758 286
266 693 103
154 373 137
7 246 41
812 868 684
700 794 804
782 969 282
272 327 450
339 385 908
377 538 1
222 250 787
113 148 870
674 768 348
659 702 926
429 485 419
380 667 16
768 785 739
69 749 40
113 168 819
483 584 213
163 363 194
579 624 457
757 892 293
146 162 282
184 636 21
330 450 8
478 501 266
464 761 233
44 133 463
778 901 363
37 230 176
260 351 670
101 342 16
393 447 30
346 772 60
593 698 164
42 114 319
989 997 848
866 903 708
79 86 938
757 876 260
621 854 340
336 544 81
489 693 260
175 586 158
356 501 491
924 993 632
15 54 346
113 724 37
334 337 996
185 230 771
426 515 179
856 981 526
266 441 16
738 868 419
268 572 178
585 612 941
197 833 28
135 272 467
536 856 76
96 511 165
271 277 421
112 252 53
759 782 232
601 671 214
354 659 183
552 796 91
619 855 265
281 443 368
18 263 264
107 121 323
653 749 319
177 200 255
8 109 232
282 431 387
142 177 326
480 639 522
788 826 78
848 873 320
590 829 63
637 883 260
908 932 160
486 783 157
125 160 326
727 758 962
413 522 590
194 358 104
194 537 156
154 331 244
360 640 78
614 724 164
659 860 328
339 497 304
314 536 293
235 512 103
570 677 300
238 890 39
277 560 186
463 722 285
721 793 536
713 951 92
513 665 260
405 513 479
250 322 85
342 411 167
520 754 205
292 333 190
343 359 216
83 99 348
802 848 647
163 340 171
135 657 70
79 189 454
550 984 164
645 668 210
682 926 131
315 368 704
94 143 830
325 926 94
188 212 524
379 627 186
378 569 192
113 186 247
121 422 49
551 666 120
820 830 868
458 533 141
890 956 811
736 859 617
90 160 438
8 284 93
559 729 89
699 766 175
463 560 201
668 877 352
707 953 44
234 564 170
322 473 126
99 735 125
278 605 148
28 104 386
564 614 322
374 554 263
86 381 121
220 581 117
431 590 139
880 930 972
133 256 75
114 146 591
175 256 745
377 405 938
44 387 100
187 527 116
484 558 382
881 987 25
104 497 73
675 940 19
692 735 931
651 891 318
456 532 985
207 482 8
363 510 428
399 788 120
635 648 211
187 217 53
653 735 308
409 506 227
533 995 124
54 880 29
71 467 3
273 654 163
236 292 828
745 810 843
658 759 738
390 873 23
679 906 305
158 284 566
526 606 281
447 654 196
60 979 52
645 858 4
637 791 21
782 946 486
606 700 832
567 631 693
415 448 281
773 821 850
336 626 47
480 515 98
538 859 134
897 903 406
372 376 6
212 291 208
618 780 72
842 995 366
648 803 440
731 775 433
723 860 293
798 1000 133
194 309 499
744 895 217
667 810 432
608 676 965
464 563 266
606 647 991
428 488 87
411 541 24
298 889 20
99 208 474
201 586 91
371 422 392
56 166 716
441 523 910
939 968 184
19 267 312
105 673 10
929 975 395
471 745 254
311 761 44
713 800 686
522 595 585
369 988 95
705 779 873
115 224 742
857 893 827
3 227 97
882 950 678
662 935 226
43 415 56
433 539 73
430 438 86
89 524 36
259 426 110
11 27 232
751 862 137
616 654 660
421 664 10
429 565 56
217 223 375
212 275 123
203 241 371
642 731 412
129 145 409
191 424 189
389 519 237
269 360 794
8 41 164
282 398 606
54 245 26
512 545 976
751 916 202
426 463 755
758 802 22
69 375 235
139 235 93
48 140 441
419 423 129
118 181 472
786 829 265
91 124 506
94 122 105
167 198 928
293 541 213
562 875 227
501 561 396
95 889 14
334 920 66
263 525 172
152 178 922
601 884 211
44 105 814
821 874 214
404 548 510
256 883 101
700 836 420
337 414 431
246 315 26
252 543 48
488 597 314
608 652 976
469 620 497
211 247 777
154 793 129
151 443 30
750 805 262
753 856 194
68 77 529
583 761 393
773 903 445
982 989 584
242 350 602
26 279 101
340 492 379
130 521 115
232 618 120
879 971 108
675 898 134
347 733 38
938 965 472
204 266 338
903 949 943
589 705 545
609 705 569
354 412 942
383 927 76
248 283 341
100 161 847
575 923 14
272 346 953
684 860 386
404 488 209
60 364 64
226 250 408
595 942 129
681 724 327
720 750 355
576 582 393
632 653 108
824 909 186
584 698 580
577 634 386
365 451 421
495 767 224
655 870 139
823 926 597
389 415 903
30 604 104
514 755 2
530 687 29
949 967 970
341 347 976
116 262 431
23 284 139
67 144 443
530 651 664
263 355 828
593 648 550
35 870 30
397 855 120
702 918 194
753 782 354
145 297 58
111 170 893
297 385 747
743 910 153
677 995 190
833 847 492
478 539 932
162 210 241
87 132 823
10 824 69
13 67 602
205 423 45
280 587 58
916 975 904
350 430 880
276 521 159
276 421 254
193 349 242
188 410 108
122 141 591
70 844 41
142 334 132
66 82 938
255 329 179
155 223 179
603 936 69
590 703 587
65 460 78
85 395 234
471 725 223
393 889 133
144 550 15
31 176 272
90 645 8
879 965 19
423 427 216
179 262 936
673 812 471
179 688 78
775 984 393
612 649 763
92 168 140
89 103 540
229 281 712
188 265 554
76 124 929
301 394 634
697 799 250
85 154 792
320 435 275
95 123 643
54 115 937
366 479 445
114 744 67
303 514 297
544 992 103
329 347 504
505 733 80
784 887 622
173 236 207
336 756 105
541 674 441
346 359 293
579 602 69
490 525 542
400 407 994
644 694 60
465 616 20
251 383 6
330 361 103
540 880 215
462 902 108
209 223 99
8 474 111
4 651 1
115 623 52
895 983 345
391 541 79
311 868 59
73 138 283
343 544 344
400 661 239
635 904 69
482 653 479
488 494 241
574 611 232
187 278 199
656 808 79
902 966 134
377 588 141
720 807 722
453 754 48
609 646 803
303 337 97
49 80 823
334 370 568
601 935 113
933 971 55
649 799 29
374 533 422
477 519 418
445 528 915
892 946 399
375 525 529
543 716 247
661 681 953
208 437 327
355 455 398
301 412 126
438 542 38
212 322 239
154 467 227
357 938 21
329 433 1
621 632 496
4 268 55
359 373 612
566 690 451
520 845 150
560 957 177
93 214 681
280 343 579
893 988 383
369 693 202
151 331 453
427 507 658
28 278 228
42 232 376
354 832 131
211 401 40
831 855 251
702 777 297
149 189 635
521 615 604
131 161 170
16 696 94
481 522 659
194 519 109
455 880 101
594 643 227
678 869 362
62 364 34
149 451 39
80 668 112
266 279 340
222 225 857
910 976 309
32 842 37
795 898 128
841 855 499
859 890 784
537 959 145
708 748 802
398 439 856
285 338 964
27 252 294
216 301 690
166 218 265
656 744 518
156 819 28
273 344 462
594 902 238
15 116 760
252 283 232
108 113 27
175 535 13
526 562 310
668 782 425
15 90 403
329 416 705
699 751 641
82 269 433
632 867 307
352 544 24
307 403 733
207 311 185
632 731 335
445 675 336
116 783 5
936 941 659
570 602 792
109 433 13
768 956 338
743 757 833
85 176 277
453 773 199
711 754 530
621 694 309
487 527 596
509 825 26
677 738 393
832 870 242
306 377 666
429 813 72
125 302 252
122 240 111
914 946 836
511 868 47
46 667 106
813 843 593
1 66 306
428 994 31
80 148 46
393 429 946
186 297 497
187 329 496
600 950 196
763 776 780
723 842 291
475 849 196
145 238 100
38 689 74
494 503 123
643 670 946
161 204 598
257 291 303
117 752 65
11 449 50
497 603 456
33 415 13
720 803 569
601 642 916
659 930 232
163 616 140
133 538 105
485 524 158
275 497 160
170 398 207
498 567 14
372 546 383
255 367 297
483 642 87
515 602 482
41 53 695
188 841 49
281 857 100
373 523 382
328 355 380
389 464 16
759 800 890
530 571 506
362 956 39
604 854 82
419 536 490
323 772 2
588 649 888
191 522 157
866 909 329
438 677 175
275 723 136
645 916 215
517 850 209
37 123 146
578 700 346
66 414 97
213 339 70
845 855 977
378 511 73
258 505 115
364 451 317
221 302 568
400 499 596
447 888 159
209 319 336
790 870 939
703 915 157
248 455 8
148 352 110
101 157 958
360 565 360
218 451 311
197 449 126
397 596 372
396 435 157
440 486 559
125 750 112
765 1000 17
457 461 20
794 877 567
79 572 165
753 867 593
363 611 6
786 800 285
532 868 125
541 771 13
970 986 379
193 670 103
200 281 518
158 641 14
443 944 82
83 102 684
152 498 24
596 612 225
645 726 462
60 478 164
237 277 687
559 715 487
342 396 417
650 765 55
330 477 388
735 872 225
857 878 601
849 872 556
401 438 125
682 687 335
665 848 279
104 812 92
189 200 790
572 849 41
956 966 287
565 684 119
210 290 459
157 490 135
327 496 211
350 466 62
132 152 534
297 935 113
318 347 775
696 751 2
750 857 46
702 916 210
153 945 12
36 186 128
845 949 188
129 556 138
661 846 191
519 882 98
41 114 524
816 856 454
792 928 205
283 291 50
623 682 318
296 349 870
882 931 968
325 469 263
498 710 285
598 665 730
56 749 58
84 162 943
927 961 873
422 568 221
754 856 203
130 185 567
75 392 79
312 450 502
537 604 434
450 991 44
234 247 926
253 495 248
753 831 136
116 292 191
375 663 129
769 912 352
526 577 908
317 390 205
781 996 295
185 225 443
331 392 243
522 958 151
607 686 829
399 494 621
766 834 695
234 656 152
463 926 36
551 832 183
246 274 946
671 818 359
926 989 666
105 169 951
525 647 262
194 230 875
71 97 736
149 197 191
420 541 559
50 479 188
173 669 166
131 570 174
380 390 647
687 691 675
212 646 185
7 27 194
49 58 8
925 977 951
753 958 24
608 799 416
191 316 391
380 656 24
11 371 112
361 415 848
380 472 110
622 809 106
350 594 18
851 968 151
464 707 24
838 935 463
569 667 233
390 423 851
373 749 41
766 828 241
451 578 367
540 945 95
400 480 315
629 723 171
438 556 267
543 937 16
604 727 294
921 952 839
40 161 425
377 491 3
600 778 467
143 782 20
22 844 2
815 937 509
320 924 105
503 593 312
149 473 136
40 840 21
694 942 336
558 572 834
698 780 375
121 924 81
185 253 57
29 40 479
329 351 189
791 841 957
616 630 201
333 581 329
516 780 291
292 560 20
94 816 19
786 826 982
553 561 399
864 955 197
253 453 321
284 522 342
106 192 29
119 306 406
609 705 667
569 754 20
580 591 457
440 559 101
81 399 86
628 681 978
871 892 975
465 565 815
835 987 492
743 975 281
413 476 828
456 630 184
381 471 633
216 282 282
910 997 764
656 796 143
74 112 353
437 952 52
471 754 185
775 793 858
144 218 861
386 395 838
439 499 812
737 745 696
343 647 141
249 706 96
71 958 9
6 463 7
114 546 47
817 829 967
689 804 288
403 512 513
432 457 336
217 469 223
147 207 192
234 308 356
292 491 89
802 945 252
560 577 551
583 773 99
582 819 149
100 181 552
729 955 50
431 548 437
426 473 526
734 946 304
173 785 78
649 654 580
633 643 811
956 980 231
327 334 484
556 824 221
105 341 47
210 576 72
272 418 29
195 286 860
535 662 503
173 317 392
363 403 553
217 518 129
146 158 366
19 756 66
667 812 43
70 216 43
79 140 683
90 276 434
321 539 344
22 188 288
515 956 148
794 871 455
783 794 25
630 954 244
384 503 647
245 562 192
221 646 166
530 893 107
193 485 84
424 533 217
169 182 801
460 867 88
258 564 106
61 260 152
430 510 488
303 432 501
232 275 180
13 57 949
341 404 802
346 359 359
367 477 473
123 216 65
833 922 255
385 494 285
670 738 764
759 856 745
837 874 641
456 833 218
13 615 46
377 540 255
172 636 32
792 918 186
90 214 549
254 354 455
236 568 128
450 453 484
815 845 317
206 246 321
553 610 814
309 362 981
177 203 520
794 798 726
238 325 351
25 111 544
108 480 217
318 472 107
442 815 117
367 755 40
385 679 118
56 249 292
380 446 826
514 802 11
767 990 228
210 241 490
18 288 4
856 934 970
426 459 999
270 410 409
819 828 371
242 307 777
737 764 410
137 265 582
817 845 573
452 766 62
625 732 238
778 833 815
318 453 92
739 879 436
60 104 513
588 662 554
290 385 254
945 985 117
332 455 507
144 180 732
209 510 42
69 300 44
786 861 373
390 729 152
195 540 24
349 457 346
457 688 321
641 714 661
857 910 984
103 213 265
177 542 218
366 478 562
148 927 84
574 800 354
572 637 801
97 387 156
460 601 284
887 967 961
117 204 712
258 415 229
793 844 902
108 229 173
195 643 95
924 996 393
191 204 146
219 292 594
215 740 9
193 601 106
75 350 75
292 729 116
357 513 363
106 217 266
328 342 430
447 636 193
659 781 440
156 251 375
77 196 335
319 372 916
701 822 202
396 500 604
320 367 942
39 94 145
79 102 91
412 767 120
436 670 331
152 251 655
577 658 369
646 761 544
730 822 304
550 818 56
334 477 330
154 252 723
219 380 131
574 733 347
296 369 382
390 592 270
566 665 835
174 350 112
74 228 13
246 471 118
303 321 960
738 896 186
882 902 869
277 409 619
369 690 148
923 941 309
642 849 100
217 448 5
158 178 576
433 641 53
239 748 60
46 139 25
535 697 368
245 387 257
300 399 358
219 733 70
345 455 510
423 980 109
24 70 373
423 556 261
345 825 15
475 576 248
406 831 163
49 73 761
870 969 614
281 308 868
368 407 803
168 656 28
672 751 804
376 983 92
287 709 75
802 853 172
875 890 96
94 171 79
470 801 157
20 94 68
605 868 27
258 371 640
313 847 64
322 360 26
316 490 407
784 880 570
75 846 18
818 877 668
38 136 841
833 959 625
402 905 48
867 894 875
128 512 155
488 518 714
524 551 405
692 762 636
258 483 15
609 688 633
120 124 41
431 463 150
22 257 247
417 482 560
662 831 154
356 492 86
589 800 141
12 68 22
511 568 684
176 187 355
790 880 417
667 834 383
15 365 210
135 300 328
104 242 276
709 986 230
407 460 514
606 724 266
18 911 87
354 415 717
93 602 22
386 910 134
303 826 58
663 696 967
618 711 337
837 854 635
810 941 181
358 702 170
64 145 447
548 743 201
209 259 157
698 960 5
184 373 201
509 538 460
728 773 398
719 780 143
688 719 579
38 124 861
924 946 220
590 991 154
697 911 130
439 866 137
480 960 81
100 157 578
885 949 693
236 452 376
334 428 105
383 540 235
139 210 340
437 455 954
22 158 404
684 890 125
19 686 122
282 326 717
131 567 81
460 560 749
439 443 863
824 828 594
58 224 184
501 861 72
748 849 92
60 108 174
483 618 543
185 308 214
503 804 49
503 512 401
273 830 107
157 307 538
148 265 104
430 645 194
620 747 352
380 643 54
226 945 46
74 785 62
678 777 599
151 156 973
464 572 574
336 434 535
34 821 28
463 485 322
434 554 510
430 498 94
333 586 22
531 749 109
800 925 304
486 843 70
239 260 419
656 874 352
833 846 2
873 969 27
649 703 735
114 277 102
758 825 270
295 431 440
305 375 937
622 674 886
181 224 946
724 807 2
623 751 314
528 982 5
172 351 48
843 867 834
241 443 116
218 281 960
268 469 290
44 70 362
545 678 93
404 829 177
417 936 99
219 297 773
757 862 283
630 894 44
388 653 258
297 500 147
76 100 449
817 897 204
72 117 12
576 695 399
653 727 951
378 573 223
87 308 294
197 257 164
114 143 948
189 848 77
7 101 246
90 265 272
41 627 2
705 991 130
377 429 515
935 985 833
842 889 103
143 686 27
502 601 823
740 751 398
339 351 981
496 531 413
183 274 328
223 292 245
643 671 149
558 608 308
237 278 977
728 894 22
249 368 409
162 219 639
126 359 162
772 871 668
185 273 225
331 981 96
637 917 11
555 584 26
854 893 407
496 548 966
150 240 153
504 648 148
314 440 282
930 963 146
303 340 116
644 893 211
268 529 101
90 330 170
322 749 87
151 288 350
638 702 532
546 590 270
142 249 359
675 773 491
670 676 487
887 985 177
837 998 102
686 978 204
629 824 133
145 274 57
699 855 416
766 777 842
205 390 294
419 762 15
77 737 98
191 353 299
137 328 207
133 684 139
654 960 14
608 714 553
141 197 246
923 962 688
809 833 551
62 82 33
467 484 595
55 317 115
231 240 949
622 771 94
703 777 188
233 361 329
241 319 808
423 431 918
85 130 883
568 772 153
591 634 588
257 339 280
312 349 819
181 198 283
167 251 305
256 353 451
692 853 462
211 330 185
301 349 843
420 680 42
593 889 127
209 424 253
136 454 146
661 781 322
431 583 60
440 583 285
164 198 50
706 727 708
81 155 993
586 636 382
936 945 553
667 764 338
83 291 136
805 906 113
155 365 354
858 960 148
22 683 83
824 936 180
21 446 176
672 786 243
65 150 320
721 826 661
836 941 600
897 964 230
209 316 660
787 891 373
147 202 215
897 980 274
788 846 635
547 970 135
408 885 140
104 139 942
649 765 23
558 767 86
532 587 262
538 574 732
659 760 457
780 874 78
266 444 1
475 897 83
153 177 868
431 886 142
303 377 620
281 477 199
537 820 79
755 894 485
484 557 203
105 235 242
794 839 283
114 549 4
765 786 90
190 598 59
813 843 812
159 162 685
296 613 196
449 804 103
646 698 306
344 991 46
862 993 397
19 260 299
603 648 303
572 832 189
669 891 256
74 116 942
474 541 62
710 785 170
759 873 485
262 397 86
11 58 139
22 355 37
551 593 406
225 511 245
81 179 284
306 570 243
85 505 1
139 294 505
851 914 816
756 943 240
661 704 740
660 793 275
813 844 243
522 704 423
398 623 7
4 89 521
194 910 74
848 914 489
409 934 85
814 888 492
43 598 112
145 256 370
67 445 175
168 349 156
69 791 81
453 597 495
33 110 267
436 556 564
193 278 169
207 222 315
437 511 222
660 717 551
320 330 478
578 613 768
81 136 671
301 366 369
218 286 304
235 383 18
587 790 164
161 270 84
18 133 522
319 528 155
638 749 20
161 173 443
264 733 157
375 964 111
789 803 367
97 425 149
94 851 56
730 815 959
819 913 853
397 452 39
861 927 890
93 198 230
205 661 4
597 686 808
12 63 870
98 535 76
71 152 595
308 723 135
272 383 91
414 619 325
410 809 89
427 551 446
151 817 112
348 641 116
667 806 431
243 440 309
840 869 430
175 331 443
288 425 517
260 408 288
58 909 40
113 170 825
43 186 437
139 449 254
769 924 497
246 254 287
70 116 724
443 700 282
597 618 374
516 634 335
4 852 67
101 121 322
667 902 65
202 220 653
897 969 779
472 863 101
353 472 671
723 727 773
506 654 370
787 835 782
392 570 381
162 830 15
354 667 174
237 249 23
330 450 306
808 907 23
302 308 865
214 219 583
354 918 53
515 667 441
708 756 173
637 710 961
422 766 198
697 915 342
825 976 89
177 553 220
873 944 801
794 955 400
100 582 120
525 569 399
321 486 111
679 784 665
458 480 608
314 462 207
214 474 53
888 911 239
153 177 464
616 752 424
723 981 204
25 105 781
557 672 204
578 640 956
663 919 86
582 692 224
127 248 330
196 268 230
631 721 34
186 445 307
541 750 41
778 991 29
100 331 235
534 554 211
552 645 498
258 278 392
486 534 492
222 438 55
384 464 437
11 604 54
342 764 91
615 675 519
737 790 940
112 224 100
170 414 254
891 933 793
618 659 261
364 432 883
565 925 110
338 654 204
273 317 904
359 859 16
97 217 525
286 318 642
413 436 914
398 680 112
403 410 770
204 461 44
576 817 72
293 329 222
448 539 850
876 963 588
159 277 239
705 728 304
81 173 167
808 818 778
929 983 220
261 349 281
212 235 152
697 891 197
639 670 913
475 642 270
566 593 285
374 762 184
66 480 102
58 158 75
461 557 486
859 947 89
245 596 194
165 196 356
113 929 2
529 887 193
87 119 83
59 370 72
218 667 30
296 330 674
365 380 514
644 674 322
218 244 89
805 822 406
467 497 652
186 203 412
325 909 19
653 872 318
511 634 649
596 662 867
736 762 549
8 41 366
778 893 388
44 231 148
390 480 434
542 585 522
172 923 30
345 362 196
480 613 603
699 933 321
570 637 903
117 917 96
194 224 980
26 165 5
259 366 684
540 687 438
332 492 401
707 762 150
187 313 563
51 589 51
584 700 379
736 767 121
663 951 154
118 691 89
733 888 50
538 548 396
605 629 950
723 859 345
575 764 221
733 742 455
686 908 351
302 785 119
127 339 157
627 922 45
156 854 47
568 900 239
606 632 233
363 503 128
525 545 280
23 147 468
950 982 641
863 909 240
541 897 84
404 715 49
108 220 268
568 999 87
81 693 132
514 555 337
349 496 287
164 245 384
628 900 249
374 742 134
558 616 112
685 781 103
454 521 829
79 196 76
975 979 259
190 237 75
168 657 143
555 829 165
501 575 270
855 960 44
762 954 140
61 236 215
627 790 107
330 724 193
2 141 591
161 627 94
818 849 978
677 721 831
774 841 284
93 192 665
701 705 244
835 890 144
394 421 906
576 638 95
478 630 331
360 404 343
200 493 281
192 626 76
271 311 439
697 721 125
648 911 165
437 821 216
17 433 149
709 907 317
110 184 879
144 349 268
297 377 919
488 499 1
27 161 224
719 860 287
131 209 954
469 472 999
938 952 827
157 274 448
851 893 137
328 926 72
40 799 98
386 640 193
334 397 423
148 445 184
115 134 593
120 203 204
307 689 11
693 919 116
32 108 675
132 498 91
403 444 519
506 607 261
164 458 161
192 314 172
431 773 205
172 218 452
506 606 203
239 335 104
576 809 9
483 636 531
527 712 225
309 703 160
845 968 269
400 465 27
64 310 237
437 884 183
113 195 659
323 582 288
201 628 78
742 793 276
229 813 98
766 893 451
190 324 29
272 533 120
876 984 712
486 508 581
512 692 376
506 655 364
596 844 8
105 238 479
224 289 936
206 294 284
35 273 151
526 616 116
609 634 705
79 165 694
466 491 380
22 828 16
9 458 111
929 949 761
491 519 548
503 557 129
28 718 109
454 582 270
152 801 104
593 797 26
724 848 451
75 173 145
161 555 138
397 477 4
401 562 190
450 497 146
789 828 709
377 715 111
589 903 229
40 399 184
425 469 822
447 573 426
385 475 706
550 978 76
378 426 60
89 572 158
921 930 440
488 592 733
317 520 85
136 634 108
182 565 188
129 372 79
166 786 109
293 401 488
127 267 125
217 973 53
492 697 398
254 387 406
24 77 206
61 362 205
565 573 912
5 969 58
171 245 511
798 976 166
57 237 242
166 392 86
772 781 672
497 559 193
916 972 345
871 965 616
531 683 277
597 653 171
61 224 348
444 516 458
810 897 835
316 392 410
259 273 820
505 599 598
192 380 20
225 437 34
191 469 25
121 179 103
575 684 203
709 747 561
501 629 635
284 547 212
156 983 79
762 841 79
237 280 48
518 629 390
126 214 229
295 623 181
776 853 161
141 249 620
396 683 37
626 698 745
689 839 457
640 667 61
336 540 208
333 422 428
394 546 379
245 481 168
22 312 174
843 872 286
251 473 249
878 897 304
821 932 740
713 815 457
339 447 207
707 860 64
30 151 479
875 974 12
12 111 315
99 151 9
91 95 851
160 177 414
697 753 398
235 366 138
231 255 37
934 964 920
878 966 821
639 657 912
104 824 89
387 508 507
152 610 90
278 558 121
259 408 34
290 591 92
505 794 90
729 801 264
66 78 600
54 175 665
436 817 137
279 682 77
2 192 426
539 559 922
678 828 314
940 959 383
411 480 208
750 946 425
875 889 128
668 935 146
80 457 127
253 883 32
402 812 149
851 943 477
252 714 19
235 420 27
806 848 237
812 904 479
421 781 121
387 572 149
800 917 309
56 412 177
730 903 277
46 443 132
575 662 171
19 149 308
595 612 625
396 610 370
145 352 300
824 900 649
228 306 894
133 199 447
555 794 228
317 609 245
586 661 511
606 620 895
10 209 52
391 643 320
496 597 664
266 898 80
223 309 797
541 556 570
877 938 724
916 920 630
68 79 313
336 352 175
897 900 506
154 212 982
116 366 107
498 523 554
391 628 301
109 119 964
687 813 409
42 141 326
545 696 259
488 583 623
302 394 546
426 429 249
701 826 189
171 850 115
348 457 140
228 832 135
906 928 881
847 941 200
643 682 986
630 667 975
837 937 752
318 596 279
877 921 747
641 928 68
816 958 578
60 627 83
601 765 69
652 705 250
428 515 563
758 917 394
75 145 833
687 744 312
268 618 129
714 920 210
67 91 320
474 581 774
949 963 683
373 443 632
523 607 174
411 414 571
403 419 406
45 253 95
720 762 109
690 780 651
720 765 772
345 677 5
645 655 863
540 785 246
394 484 234
47 959 25
170 187 232
322 405 956
384 586 59
281 997 14
360 755 57
333 386 154
110 155 495
309 406 261
377 403 502
8 91 165
251 332 770
887 928 29
336 489 389
545 570 583
787 980 101
641 743 450
430 545 335
852 998 222
521 533 495
113 553 176
628 675 462
3 20 527
448 978 105
633 960 116
667 989 28
110 608 156
28 400 127
872 946 28
387 424 164
50 134 850
859 912 600
773 833 263
407 650 87
77 124 544
24 43 942
585 842 267
627 779 212
150 293 498
447 889 69
698 881 240
295 393 432
490 933 127
801 852 836
141 298 452
88 106 820
687 783 785
387 470 209
578 737 4
647 801 74
490 557 852
487 684 347
499 629 585
29 83 985
149 916 72
79 151 939
99 158 651
629 673 191
878 994 120
763 937 447
136 177 626
290 604 137
618 674 68
57 117 872
6 89 872
836 887 170
99 205 385
861 871 311
268 358 415
477 502 675
322 733 193
39 75 827
544 798 73
348 399 300
859 952 587
543 702 184
18 226 359
543 561 201
116 134 199
850 931 132
465 766 29
798 868 570
427 521 577
568 778 326
664 889 68
617 695 669
290 502 198
133 267 15
419 766 109
672 722 591
329 633 273
19 144 447
369 659 287
793 941 498
441 664 112
732 875 494
401 404 219
350 534 354
478 554 997
392 534 252
431 513 858
113 294 41
228 819 2
429 893 115
214 785 53
315 378 479
848 871 883
177 577 90
453 482 556
90 387 226
664 688 787
758 919 223
109 731 23
506 550 794
546 752 57
614 690 434
236 458 62
232 348 24
308 562 198
459 835 117
902 954 579
541 916 51
67 700 13
667 882 213
75 746 26
921 938 580
700 898 392
421 507 45
45 298 306
165 178 964
450 791 57
377 765 32
515 634 167
80 84 88
596 729 37
917 947 283
215 777 26
117 976 33
706 743 683
153 314 428
414 461 266
467 598 255
551 775 203
698 897 411
166 275 431
747 906 250
290 467 438
8 14 580
561 580 364
409 583 180
153 350 282
228 853 39
188 314 578
233 262 962
786 874 747
615 794 205
555 810 137
646 676 569
538 554 469
721 824 545
245 289 576
400 697 165
887 996 201
502 967 4
20 225 228
221 273 394
285 389 88
19 582 145
744 845 312
456 988 116
538 728 12
508 833 140
194 519 170
590 643 260
655 901 251
233 572 237
862 878 488
325 602 204
443 515 399
513 616 769
465 946 50
176 855 25
132 181 480
140 223 933
73 83 201
267 310 236
193 968 49
119 381 152
210 229 817
117 189 370
109 148 56
268 621 11
281 352 268
615 803 1
563 594 935
149 818 80
266 792 115
273 371 805
277 381 122
449 734 245
282 600 234
93 366 230
699 715 574
520 557 220
468 743 251
98 485 138
568 625 414
243 335 599
534 768 206
571 695 90
415 521 118
584 629 255
721 809 883
50 101 958
283 390 401
111 230 398
405 422 841
518 569 183
29 535 115
706 995 203
221 227 779
399 866 1
699 806 311
572 576 89
206 306 676
462 949 51
63 661 51
449 772 137
602 619 480
331 910 11
399 888 117
711 895 118
683 736 42
469 532 283
677 706 336
875 883 577
29 418 72
636 840 284
670 699 348
268 272 992
344 486 71
505 705 229
308 376 812
474 713 265
278 603 20
354 539 413
493 560 422
472 594 407
1 344 156
166 299 484
346 438 667
22 95 613
164 724 148
570 641 934
503 918 17
366 897 10
222 550 125
361 602 251
538 727 113
312 409 688
12 176 348
344 542 196
555 884 60
461 555 744
308 376 990
164 701 55
83 885 63
824 944 239
584 974 65
165 248 728
39 451 169
728 791 805
646 671 517
517 585 1000
13 108 481
802 806 261
215 392 429
531 641 511
223 329 758
153 458 43
250 325 372
116 491 158
58 882 25
501 569 407
385 526 34
534 543 296
518 529 789
475 907 1
619 654 53
506 657 56
111 389 205
617 631 28
245 329 507
446 556 687
489 771 175
216 300 168
196 734 29
802 845 294
464 576 633
515 659 561
761 788 602
19 410 49
228 931 56
218 339 180
855 991 85
859 973 78
471 492 695
333 464 262
451 499 184
576 871 86
403 916 42
54 65 918
889 948 922
443 487 18
600 649 470
383 835 41
120 725 96
357 398 787
124 221 6
642 882 298
159 407 292
674 714 850
757 903 325
240 279 461
46 98 326
610 763 100
75 717 77
600 771 434
338 674 158
273 319 793
560 729 143
27 181 62
453 791 71
507 541 792
27 84 474
61 175 434
429 581 50
131 686 93
801 900 281
424 783 216
184 231 243
645 978 105
305 635 38
49 366 61
662 935 58
290 383 415
146 371 64
829 913 844
193 432 319
342 443 318
551 651 275
581 694 190
136 477 158
519 765 302
75 991 24
869 903 735
782 785 110
317 559 308
115 247 217
837 854 527
74 466 145
926 940 255
701 758 389
107 356 257
235 245 923
787 816 924
671 839 74
405 466 19
651 742 737
4 368 147
446 579 461
579 689 613
698 866 125
647 668 220
738 742 338
500 686 287
550 745 126
636 716 186
120 678 7
117 132 414
230 395 456
106 382 227
54 80 49
623 820 286
348 461 456
21 80 233
43 412 66
49 93 431
22 517 159
47 235 218
209 547 181
102 586 93
736 860 407
654 758 640
15 36 801
79 897 4
517 834 242
304 520 126
608 683 203
245 337 611
498 582 860
469 656 331
799 854 680
566 583 388
521 694 308
560 998 120
207 980 7
33 97 700
300 388 828
570 874 67
401 434 558
693 737 183
180 412 44
289 806 83
710 813 580
109 371 55
637 812 314
272 510 194
656 714 660
712 931 20
606 626 735
762 793 354
714 747 871
20 252 227
731 795 587
714 916 280
453 735 78
332 417 303
268 443 186
790 845 766
332 395 334
715 997 81
355 460 294
109 611 133
101 846 105
531 615 104
475 604 289
179 655 119
750 891 513
498 633 513
455 600 456
600 749 330
197 320 86
145 225 347
267 288 259
786 940 334
528 899 154
208 513 66
465 509 911
175 458 126
146 308 72
677 980 203
69 567 31
299 424 246
437 837 82
504 544 404
648 667 387
233 386 134
145 300 154
17 665 10
132 223 841
450 654 374
358 472 308
396 713 147
601 638 320
400 771 35
159 578 125
663 821 254
265 855 32
444 560 588
572 604 805
290 297 733
270 289 348
399 688 119
790 853 999
345 497 413
545 635 925
813 848 309
68 127 703
293 364 453
824 888 321
374 491 44
395 441 830
113 235 364
634 638 87
55 138 872
227 706 166
537 640 390
194 752 103
354 498 458
397 525 48
356 714 43
388 467 181
471 594 24
543 609 379
475 927 93
67 245 207
458 584 460
651 676 452
609 825 184
156 906 98
501 661 508
471 531 561
828 874 759
165 478 39
102 634 155
31 212 435
288 363 10
457 530 431
108 254 277
925 954 68
200 428 243
371 416 565
520 804 141
245 338 802
405 457 540
814 898 338
215 297 832
160 240 568
469 508 31
622 795 423
106 450 229
715 836 602
248 348 340
240 286 39
172 294 151
195 674 68
30 56 709
606 667 798
562 641 404
41 154 295
193 289 201
201 487 272
42 926 54
135 221 568
543 618 315
560 608 267
439 491 227
519 642 353
240 327 380
605 780 185
169 478 209
61 310 241
696 769 315
671 695 749
501 555 665
343 755 196
477 563 299
681 953 25
224 287 640
256 362 229
323 714 89
870 880 177
253 928 81
373 471 61
119 547 100
509 772 237
187 202 383
860 865 684
39 272 227
604 785 436
76 252 162
273 394 248
681 720 745
338 540 42
283 432 222
120 590 47
575 598 756
144 202 752
613 826 132
643 823 119
494 697 97
490 527 207
533 630 639
252 319 989
575 690 275
267 622 118
535 757 23
38 73 545
227 320 627
638 753 1
79 315 185
483 772 38
121 614 40
705 834 422
670 719 106
896 1000 281
617 834 329
747 814 359
116 225 484
715 856 212
580 618 18
724 782 218
577 668 48
916 983 109
48 209 455
208 766 15
191 231 604
547 614 10
42 69 730
358 878 141
594 647 99
434 550 543
472 853 122
260 287 753
709 820 423
595 635 351
109 251 193
750 756 130
69 830 8
382 605 163
564 615 84
187 292 64
27 207 258
442 684 311
459 502 156
24 636 53
195 352 327
526 629 87
559 576 530
352 629 40
652 672 164
702 956 30
86 330 321
397 856 34
185 945 107
304 327 94
2 98 655
261 313 869
75 232 480
541 549 222
677 687 953
62 619 40
624 702 761
367 570 331
133 212 761
96 124 988
91 122 755
280 422 473
3 197 98
762 973 72
950 971 114
47 62 960
148 894 29
717 986 99
529 536 778
84 334 222
892 938 988
794 806 26
228 452 13
310 366 105
232 764 127
480 824 116
249 295 755
172 736 78
78 203 205
186 327 56
385 533 197
423 517 680
759 764 449
622 921 34
98 166 505
318 662 183
164 671 146
2 295 176
100 199 198
514 853 227
89 342 102
580 594 479
794 943 135
104 343 121
436 877 37
783 801 996
708 805 577
352 370 919
52 66 450
384 453 270
642 969 99
142 200 102
290 909 87
45 434 212
709 749 443
93 428 101
367 405 129
718 784 830
496 528 817
75 362 201
372 828 71
336 392 811
944 976 263
289 346 760
462 879 112
79 133 684
10 91 449
71 200 80
432 727 5
464 934 34
635 943 64
396 766 172
210 224 718
368 742 158
225 315 733
272 330 773
46 99 597
297 592 211
753 767 351
482 752 240
431 450 70
537 774 233
286 314 634
327 413 793
396 493 771
10 454 80
289 354 683
836 839 2
746 944 309
470 608 136
433 641 165
348 400 78
710 935 100
324 468 564
368 776 63
136 435 12
434 829 131
427 676 310
940 973 501
270 471 142
481 557 548
171 255 6
452 642 412
651 659 937
508 887 63
507 788 5
669 712 143
261 568 200
52 583 62
348 405 590
418 526 750
778 822 26
389 459 404
433 457 422
420 541 582
473 658 369
596 683 257
806 868 520
120 359 342
633 733 205
789 849 913
111 120 415
437 458 858
365 931 110
667 756 78
424 641 221
788 859 850
629 976 47
282 438 57
239 396 346
233 936 85
629 660 360
124 324 266
339 408 524
175 887 108
512 898 99
659 729 758
95 202 765
876 905 87
173 211 121
948 993 612
715 795 857
60 175 441
766 900 403
771 782 631
134 523 153
210 278 448
368 536 456
204 899 92
214 562 36
229 275 972
418 502 602
295 771 80
433 436 539
186 699 14
278 353 398
687 743 307
436 614 221
893 989 349
247 341 851
106 242 445
402 479 265
147 288 526
616 942 65
545 671 587
378 468 894
561 795 184
179 476 168
170 213 483
16 87 429
3 610 57
249 657 20
819 862 715
277 508 318
109 143 298
210 761 80
582 667 822
304 735 141
197 271 453
34 357 68
124 148 105
472 833 37
698 873 261
367 530 426
563 590 257
297 378 694
196 670 60
436 531 239
613 697 944
339 467 196
572 626 556
96 566 113
789 863 572
859 925 642
735 818 606
400 549 532
260 335 886
648 757 548
494 768 101
727 747 629
559 587 167
189 236 173
257 899 121
606 678 375
150 492 105
83 118 103
96 171 248
832 979 442
552 608 935
516 630 303
128 193 344
409 539 579
166 376 250
108 719 90
623 729 474
892 974 458
725 734 537
383 402 610
243 576 243
549 658 163
254 652 40
467 492 517
40 526 133
583 778 4
719 746 485
16 501 59
460 996 72
432 533 635
676 993 38
170 272 219
438 457 799
510 631 646
96 895 103
51 203 246
111 450 7
336 545 392
537 621 418
551 592 779
213 237 673
477 562 813
243 284 951
839 880 514
705 981 169
781 834 262
824 996 434
531 976 106
625 705 640
836 882 802
674 731 531
578 728 52
156 162 849
374 421 922
341 651 111
430 534 520
419 897 96
868 943 372
2 5 178
447 578 264
104 360 190
673 722 735
49 92 981
894 939 891
582 759 186
407 425 999
329 400 550
82 882 7
104 252 337
228 421 93
65 180 509
747 774 147
81 620 42
880 961 207
653 673 945
272 487 93
15 340 43
194 895 108
113 231 109
601 689 370
429 618 41
789 863 584
753 901 383
27 840 81
72 435 95
35 200 378
432 517 22
474 687 374
755 759 225
223 545 41
753 837 179
475 776 104
36 181 95
670 687 833
840 947 579
539 617 444
831 999 182
111 428 220
547 672 344
844 861 446
713 840 334
933 962 979
26 100 527
598 602 150
403 515 373
639 726 245
237 259 86
516 553 440
52 682 20
67 406 82
622 678 573
70 264 242
207 282 904
102 123 624
573 651 91
126 633 113
927 959 155
900 989 306
271 348 499
501 567 935
465 855 93
56 146 202
25 346 150
872 943 690
814 910 714
454 636 381
429 575 95
751 785 35
673 971 218
3 196 402
74 870 89
605 637 568
172 740 1
64 262 413
249 432 450
348 711 192
262 332 978
728 746 424
763 769 141
41 168 379
721 755 871
78 115 479
689 875 248
320 584 161
922 966 580
362 877 16
30 272 303
225 515 132
894 938 979
483 601 647
213 400 243
119 729 81
756 891 203
444 455 287
813 873 728
571 663 339
415 892 5
164 753 37
673 726 792
480 880 93
685 779 135
276 400 82
79 287 262
288 593 100
552 611 236
906 934 764
8 107 112
87 660 88
677 718 725
305 702 104
193 276 160
470 772 65
295 960 104
654 865 16
603 692 132
533 840 255
146 387 205
884 1000 416
318 724 192
759 792 113
542 879 19
816 916 14
721 934 248
447 489 417
278 339 33
983 993 373
616 636 837
762 799 294
362 430 169
262 363 664
799 840 213
251 353 456
728 772 770
159 339 266
681 824 560
469 950 62
200 319 84
433 549 415
33 206 232
777 826 905
466 576 61
936 996 261
430 584 510
485 626 535
265 664 26
834 868 990
111 225 67
708 883 18
93 99 978
309 412 275
76 311 57
185 211 671
90 218 348
319 609 46
357 400 931
528 565 260
172 280 699
930 949 766
756 787 267
814 917 495
377 844 172
555 928 3
521 547 366
168 180 380
249 637 22
95 275 319
72 131 602
655 839 398
290 384 779
450 875 105
332 348 721
405 584 337
695 793 472
12 522 107
16 160 498
353 448 842
555 848 3
830 960 361
430 520 879
454 458 977
68 245 449
924 929 408
693 719 194
472 854 50
379 474 848
26 799 21
195 691 127
523 537 520
190 251 478
229 449 289
256 307 948
204 344 115
851 893 177
796 880 825
873 955 422
273 289 60
492 824 213
364 904 29
402 648 287
731 954 135
767 861 838
2 89 222
682 713 287
415 483 145
247 573 57
256 452 197
796 952 406
131 377 132
57 126 718
562 624 14
75 465 43
735 744 360
240 493 73
345 650 199
445 458 638
575 800 258
282 357 728
908 927 817
207 900 111
782 867 92
175 348 309
121 902 30
623 649 69
744 766 650
265 301 437
189 338 46
307 515 272
513 979 17
47 160 418
369 416 834
325 479 54
34 246 351
142 199 976
638 715 83
134 160 998
629 657 547
737 889 340
115 219 274
499 536 582
40 740 18
196 236 98
359 384 354
236 270 133
837 851 795
145 530 46
464 913 28
194 409 161
238 649 60
139 768 112
623 720 376
225 643 65
410 574 310
471 609 60
307 459 266
206 218 946
655 895 233
493 537 794
115 221 595
133 168 206
240 714 17
830 926 802
622 708 62
140 155 430
235 400 278
351 526 289
572 647 199
94 915 43
501 662 205
714 813 370
693 699 951
51 335 177
3 303 70
333 736 37
363 404 650
497 850 15
586 734 310
383 418 560
129 253 36
265 302 814
214 328 86
398 452 833
22 588 108
350 457 147
146 209 533
309 428 623
134 186 183
211 372 60
381 733 189
194 292 230
565 920 68
691 729 341
889 951 351
442 613 41
183 242 723
204 909 1
219 276 707
637 851 247
303 853 69
489 785 52
502 744 275
79 220 389
746 842 526
194 241 954
22 104 9
658 864 153
443 754 71
249 470 171
149 465 91
400 513 277
157 204 829
616 774 46
924 973 521
923 981 270
201 552 27
675 852 462
420 459 203
407 562 5
429 439 711
701 827 44
207 268 95
341 616 20
199 280 623
6 118 113
834 875 825
265 618 154
817 943 231
138 269 31
349 777 13
665 825 13
597 721 15
35 46 462
97 392 220
871 879 442
173 325 459
797 925 650
715 866 420
402 574 369
506 847 198
418 978 21
609 851 26
18 56 838
420 669 171
233 583 209
871 998 612
824 969 447
128 454 66
523 549 201
708 750 222
329 463 10
630 781 131
161 250 859
260 686 110
458 953 18
65 144 415
172 467 108
663 685 621
199 669 116
81 127 921
116 130 721
157 375 298
141 703 12
684 864 107
931 938 725
310 366 65
521 726 161
779 793 414
855 992 547
22 58 447
878 888 424
695 809 123
121 735 123
701 841 310
85 214 385
482 529 822
482 970 16
420 552 435
109 470 140
487 657 112
236 808 4
388 619 300
636 724 598
361 817 49
312 722 15
289 434 570
333 956 120
422 531 245
131 193 439
834 939 100
199 249 416
203 233 934
125 142 799
625 858 245
156 804 21
281 803 79
156 907 105
222 389 356
883 903 27
75 218 137
216 219 132
289 377 361
359 800 126
155 197 763
80 176 338
326 509 174
21 179 89
49 71 983
867 915 120
379 384 194
92 119 323
156 255 83
601 632 943
324 659 200
91 150 397
305 853 77
402 452 577
104 175 422
318 337 179
642 812 31
809 963 493
460 876 169
568 891 10
729 947 233
732 764 281
172 307 609
130 200 498
252 424 105
546 720 414
341 413 215
499 756 158
954 962 288
312 635 217
423 618 305
143 409 170
272 738 126
269 814 115
604 716 695
904 965 609
105 647 127
460 659 171
313 522 96
141 237 248
70 117 571
177 510 106
85 331 120
729 736 309
19 964 36
904 988 512
108 921 49
728 958 168
263 370 396
50 691 118
762 935 438
657 783 119
469 534 706
562 700 391
402 532 268
777 837 722
70 201 352
368 646 160
495 659 84
510 687 355
857 988 451
15 98 477
374 489 451
256 290 896
342 810 111
215 307 708
592 820 50
589 797 12
397 664 192
808 815 820
813 859 550
371 589 175
479 755 26
859 928 853
423 444 98
664 788 351
76 158 612
284 346 788
85 167 991
623 723 478
198 234 293
672 701 655
418 677 93
288 386 512
439 576 122
391 790 62
507 801 236
28 781 79
286 701 193
149 229 830
185 215 150
41 98 332
550 656 311
450 552 768
930 943 834
335 426 172
962 990 460
417 968 53
114 701 30
45 298 242
198 393 380
267 761 142
961 983 917
848 941 889
73 370 49
20 166 234
177 209 967
132 818 77
645 727 210
416 763 49
518 626 163
409 500 490
382 387 230
140 195 756
748 800 277
939 951 906
719 749 402
561 657 332
596 701 502
87 223 260
601 1000 13
252 479 116
494 957 81
705 921 14
430 534 81
564 584 784
384 475 27
593 822 17
902 939 44
679 810 336
621 687 979
560 598 230
3 85 512
861 990 518
637 863 65
815 890 82
614 635 592
602 779 383
205 299 380
625 770 517
13 74 452
414 586 221
324 732 72
507 991 20
560 927 89
625 765 201
912 948 794
16 54 260
762 940 359
269 577 172
507 588 661
317 323 298
435 761 68
36 180 49
675 844 5
710 714 564
339 507 380
277 370 748
179 729 18
353 555 174
857 975 542
577 705 600
656 768 623
436 624 163
33 485 57
561 735 294
536 673 331
351 429 399
101 143 686
324 380 48
27 70 911
962 974 388
521 802 268
41 477 187
217 401 111
669 690 793
935 994 364
615 943 214
493 530 245
118 282 144
93 138 210
467 756 117
880 969 926
491 779 36
720 733 869
206 962 26
668 951 73
603 624 412
401 573 68
286 554 14
18 132 647
54 78 12
529 543 791
543 599 413
221 420 394
797 843 989
786 804 265
16 558 11
411 810 20
46 391 42
513 888 215
355 359 923
503 653 37
330 414 902
573 638 360
299 802 55
515 801 70
790 898 135
911 950 903
268 525 177
475 719 189
111 454 168
638 730 661
409 434 888
126 184 649
611 742 154
353 564 59
490 574 402
694 929 202
152 762 63
197 436 194
855 899 865
85 125 278
472 732 71
68 682 4
941 955 150
480 659 464
317 399 152
881 971 777
251 548 231
255 983 94
923 962 768
34 109 764
309 500 418
843 978 67
4 262 171
661 835 423
864 904 373
381 484 414
100 250 271
599 674 119
735 796 205
331 342 780
198 320 348
54 687 75
409 582 263
9 182 190
576 617 249
718 949 326
629 686 651
281 773 62
391 461 190
299 497 48
70 110 624
607 919 113
349 674 146
237 614 101
839 927 1
846 867 389
389 611 75
339 729 56
237 859 24
275 288 627
75 559 134
667 757 341
757 792 318
297 912 127
261 349 219
20 113 569
643 648 67
555 687 1
897 973 680
151 311 427
177 395 99
192 225 743
551 560 227
290 431 360
329 617 21
576 761 136
153 166 778
849 986 247
186 780 140
903 948 728
123 206 951
684 892 219
103 366 267
885 981 206
298 420 467
231 449 313
161 320 170
794 819 639
319 739 52
190 230 733
256 383 212
107 534 16
337 484 506
783 796 836
341 359 337
157 271 207
191 660 153
499 558 994
208 242 996
132 235 112
389 439 120
410 741 38
609 919 24
304 363 782
711 868 5
135 273 27
352 707 13
283 331 107
463 814 227
81 425 150
220 715 25
559 589 823
437 492 254
649 729 459
419 683 144
357 494 178
478 913 130
593 791 232
546 648 456
185 703 105
338 933 130
484 790 174
450 580 170
298 344 897
425 517 28
716 953 153
609 656 49
208 440 247
273 836 27
549 608 669
500 698 195
657 756 325
54 146 732
784 922 495
323 335 842
447 612 89
701 772 290
618 911 134
673 791 618
614 652 950
749 819 947
938 971 836
625 754 169
725 948 143
367 802 176
139 509 29
245 401 229
578 589 596
452 715 36
104 254 398
280 456 133
297 382 168
26 374 122
279 308 205
110 581 79
894 928 801
344 382 553
256 394 321
386 465 461
590 973 139
5 726 94
376 437 878
361 395 317
221 339 298
351 448 247
206 343 529
459 684 15
831 858 721
382 740 33
137 231 623
214 582 19
913 946 179
888 898 217
136 151 427
751 860 163
851 909 855
68 398 123
690 799 419
489 533 51
796 879 403
730 761 12
413 444 785
230 661 92
35 334 179
296 314 896
237 341 298
26 214 237
253 994 31
59 224 38
419 500 186
496 554 482
67 78 545
447 541 524
191 809 131
505 885 181
861 954 472
223 249 939
252 368 34
342 417 627
456 558 742
523 651 640
135 223 69
565 570 511
174 191 184
336 381 631
909 986 192
308 423 706
222 772 41
372 772 162
142 181 772
446 534 290
221 317 281
194 485 130
406 426 298
471 604 44
890 925 196
39 109 622
274 354 333
418 856 54
367 696 246
223 283 862
212 823 3
28 113 436
839 908 807
598 835 259
470 573 288
258 876 70
856 876 725
327 873 71
378 494 414
282 385 684
40 215 135
516 522 170
612 890 132
378 791 60
830 977 20
496 625 240
528 983 156
46 197 358
88 242 427
384 519 9
320 450 492
29 541 19
144 391 225
878 913 572
668 878 254
301 468 100
80 100 503
797 976 292
419 584 51
123 198 270
714 818 739
450 554 583
793 923 293
523 598 934
452 558 663
464 581 683
580 753 55
407 972 55
494 567 409
676 800 85
423 563 420
264 334 182
16 198 417
365 784 53
144 623 90
437 713 181
273 404 564
27 93 129
664 880 361
696 947 97
532 831 227
176 529 37
531 596 191
531 667 91
348 490 262
845 886 550
282 391 620
478 562 371
582 639 505
205 406 365
67 118 571
139 359 109
84 266 46
174 521 238
817 907 113
764 881 613
410 779 125
46 62 395
348 983 28
291 317 428
597 730 112
458 784 147
214 306 46
526 631 334
793 820 261
30 271 295
943 1000 803
539 672 515
259 607 128
729 834 737
500 996 20
425 611 420
896 917 207
46 115 751
12 351 139
20 237 351
200 239 8
853 897 222
769 806 669
147 154 352
285 348 386
122 208 349
495 721 340
528 875 51
88 94 704
830 872 443
528 905 83
119 164 410
516 643 567
225 244 129
27 76 227
712 729 190
356 507 386
572 776 187
145 253 131
197 204 907
761 775 685
407 739 24
593 839 323
239 284 200
439 621 51
69 98 132
665 806 381
136 254 462
282 997 93
271 291 567
288 428 64
567 664 226
176 234 65
401 883 4
516 706 26
461 618 50
275 325 136
67 818 10
230 648 173
548 590 731
808 857 266
15 129 97
98 178 424
58 744 16
153 206 900
321 349 810
518 611 564
497 743 15
662 676 980
371 868 147
45 244 125
815 866 742
462 852 47
799 901 116
725 976 37
302 722 31
229 247 175
462 805 179
69 217 277
504 628 533
897 984 420
296 442 366
762 798 74
28 76 242
514 818 82
354 796 100
330 334 878
106 169 386
127 190 25
505 667 475
47 539 117
16 208 383
26 95 164
458 651 381
793 955 224
59 192 592
559 977 95
732 789 590
648 708 874
733 853 190
226 253 920
844 856 60
22 569 3
766 778 812
414 426 294
167 781 39
141 289 364
655 732 590
614 719 219
301 983 41
283 673 141
468 543 194
108 216 127
315 336 256
856 886 585
391 477 62
302 342 238
376 861 82
590 742 284
564 816 57
527 628 469
208 231 941
114 154 877
463 617 438
150 776 77
177 293 307
145 495 22
313 878 122
469 695 230
247 838 32
308 631 50
823 862 177
736 914 305
276 822 31
48 135 154
651 777 183
643 693 420
31 119 893
505 947 118
43 332 81
889 924 453
471 566 2
657 807 240
535 557 375
483 779 202
293 697 127
271 504 105
87 560 128
136 253 426
537 549 262
129 719 34
742 774 157
428 558 309
656 726 49
483 564 899
372 675 218
79 282 31
501 612 80
274 303 280
162 241 941
293 370 434
496 877 188
369 386 153
428 485 831
689 764 455
51 128 733
821 879 963
385 509 589
334 364 965
440 556 203
636 702 893
454 688 203
702 726 533
563 824 244
783 789 697
784 872 42
138 226 189
568 610 553
464 477 469
469 482 557
662 713 777
436 668 15
284 957 20
336 481 473
128 146 81
505 598 383
205 427 122
290 319 842
523 778 125
21 104 19
292 313 144
650 744 817
851 913 104
802 909 548
329 497 258
168 313 547
90 645 19
407 436 10
366 428 806
525 774 79
811 982 434
70 384 121
773 981 289
105 175 288
759 774 299
100 108 765
464 775 264
754 899 149
74 230 445
107 159 167
335 403 294
174 185 627
501 782 281
311 487 174
350 449 737
781 797 697
192 266 310
289 316 827
476 649 332
541 558 277
189 884 79
639 648 303
541 592 365
889 999 243
838 966 134
439 600 505
179 280 376
320 517 208
153 471 49
524 551 726
622 673 260
625 718 636
15 688 115
249 278 670
894 950 248
309 375 941
670 900 90
162 803 96
634 647 103
637 736 673
375 686 14
769 865 756
400 626 240
189 401 28
156 283 287
426 433 377
513 851 57
160 224 753
369 491 94
17 83 737
49 599 147
278 383 269
598 657 289
509 570 238
520 690 287
483 680 219
184 298 409
271 300 970
30 440 94
845 972 612
379 528 345
446 894 66
234 534 153
125 754 65
669 839 253
233 522 148
110 694 97
420 476 8
123 917 75
115 835 17
70 83 376
201 595 156
193 203 921
270 394 322
608 661 76
106 402 251
512 882 126
870 922 622
608 636 99
79 184 14
748 887 594
83 225 564
331 416 941
371 535 368
477 498 325
246 279 739
659 795 582
773 789 912
546 777 284
511 540 568
149 163 15
595 712 182
351 530 101
384 561 336
260 451 238
712 846 590
175 636 166
865 975 671
419 753 76
388 539 393
935 994 910
47 140 266
569 780 20
558 731 55
252 656 162
335 501 165
670 786 368
530 544 517
45 51 132
373 439 829
326 334 962
542 557 120
76 104 110
492 995 156
82 85 578
440 444 539
9 690 93
64 162 693
386 808 36
306 989 97
487 712 326
83 150 713
740 893 153
726 871 480
107 170 237
99 103 931
332 433 528
31 694 38
177 205 555
125 234 676
590 708 309
886 930 197
700 855 517
340 756 21
868 939 857
935 995 417
954 965 711
638 907 272
730 833 415
323 475 440
874 946 711
671 753 508
237 485 269
185 352 25
711 790 280
501 641 463
609 703 707
672 901 163
805 854 166
908 989 814
48 143 259
412 564 211
499 672 47
612 707 750
742 757 249
381 580 152
502 537 236
278 353 750
582 640 981
164 273 597
527 635 99
430 469 715
236 375 302
36 272 307
427 439 664
720 920 242
504 595 694
99 118 827
118 209 251
365 865 120
790 797 79
293 947 84
457 477 671
216 261 634
759 841 463
107 360 184
851 956 68
174 403 94
331 979 94
77 132 519
431 480 854
694 717 762
329 333 211
356 576 197
394 550 369
349 391 390
777 789 734
252 414 415
46 123 548
293 401 332
466 493 524
406 662 104
54 286 33
85 120 7
13 446 141
11 55 508
5 78 564
101 520 28
213 268 786
210 248 976
163 511 68
444 465 136
289 424 381
191 401 363
255 542 76
175 246 739
59 82 517
344 832 135
161 242 360
87 187 577
728 820 392
117 898 21
85 942 41
101 222 35
294 826 102
716 916 305
169 644 82
323 968 43
219 323 129
826 964 224
226 663 102
885 968 692
505 536 35
143 454 173
848 911 707
169 446 138
293 303 259
549 742 236
618 717 150
750 838 721
207 408 197
105 419 73
612 778 370
123 276 264
436 500 317
73 214 559
4 178 331
35 95 620
125 251 149
540 700 453
351 787 39
74 107 357
229 601 90
370 410 851
307 315 605
450 514 40
448 760 162
346 927 110
220 419 85
500 753 321
29 138 599
634 672 642
294 879 125
428 641 209
854 896 283
46 299 59
691 926 174
267 350 914
305 478 46
476 777 49
621 671 374
706 802 96
67 354 72
787 798 723
146 149 626
809 834 746
268 828 16
362 431 233
604 755 341
156 178 246
378 405 334
759 903 573
171 285 566
703 833 177
217 714 136
301 505 117
159 164 889
48 594 141
241 858 97
57 239 80
720 970 268
119 661 15
341 854 88
239 284 500
920 933 604
92 340 35
848 984 585
853 937 234
335 398 131
704 760 135
128 689 93
552 604 85
88 463 83
812 821 721
347 479 189
763 952 91
164 688 22
43 64 459
541 554 350
71 832 81
354 455 467
54 349 219
425 748 65
302 476 216
45 348 18
531 724 232
331 621 69
298 436 294
728 751 111
350 896 96
382 492 219
756 966 250
816 854 330
805 854 722
321 741 144
52 59 885
167 170 499
901 980 318
104 233 301
658 749 213
258 489 231
280 458 292
196 415 133
541 647 352
12 283 270
226 402 334
85 222 99
169 341 94
825 980 385
155 873 108
32 882 60
244 848 121
450 960 29
280 399 167
119 139 766
477 544 93
260 329 711
350 866 30
909 938 937
844 962 57
791 953 268
130 313 181
802 907 764
100 331 315
455 525 720
150 813 45
122 407 272
620 751 19
127 738 11
617 688 256
222 894 17
531 625 60
733 942 99
586 665 590
698 776 798
541 565 194
472 540 553
678 732 126
13 704 1
154 235 317
152 408 319
213 362 63
27 83 150
749 761 815
415 697 157
505 577 33
474 492 525
6 155 244
139 991 62
334 484 485
772 956 314
660 992 33
118 163 872
679 944 164
658 708 774
705 909 191
235 331 444
237 368 345
510 945 45
973 990 593
567 970 99
148 219 150
253 432 45
833 858 512
64 251 22
781 907 611
831 863 944
660 847 113
419 447 448
453 521 495
641 740 457
227 819 129
78 218 583
746 828 707
756 796 258
14 45 656
30 41 512
444 549 398
710 833 294
519 958 153
413 586 420
783 828 726
64 111 313
141 199 173
18 114 784
441 630 318
80 85 371
856 944 693
82 189 37
304 408 708
15 157 577
170 431 112
76 221 223
355 544 387
142 452 186
359 392 991
695 830 437
117 165 541
281 437 190
565 872 108
598 871 91
648 777 519
599 984 199
219 385 185
601 697 99
910 950 264
115 594 172
414 439 105
543 799 168
296 391 148
308 825 52
630 993 229
588 749 470
464 498 862
327 376 388
583 712 629
489 833 21
139 220 309
169 641 96
553 866 46
348 831 13
409 979 48
380 530 480
731 856 481
88 154 979
310 411 545
433 555 266
755 839 722
348 360 354
678 837 74
350 477 37
650 790 352
346 361 673
469 666 368
48 104 257
459 543 685
26 139 139
253 900 50
531 592 549
495 832 221
345 479 179
395 544 256
877 979 344
876 892 295
622 914 246
186 477 178
241 384 267
298 698 12
179 188 164
468 490 206
171 413 31
513 585 84
597 713 22
498 503 391
633 974 41
317 369 897
598 653 425
42 500 161
308 363 128
327 354 673
587 800 128
400 601 281
642 696 697
340 802 73
758 883 475
55 281 207
399 682 20
212 674 37
635 657 255
493 735 236
418 526 169
512 627 520
769 847 826
44 752 63
551 726 334
385 744 81
570 636 363
471 741 306
405 782 63
519 754 227
65 267 307
264 499 120
224 248 63
317 406 222
530 729 332
903 988 520
155 176 205
352 791 136
762 917 225
158 375 315
911 931 951
788 919 294
548 694 362
323 496 61
477 481 538
380 526 118
797 924 259
716 772 313
196 265 52
634 716 987
280 533 132
674 733 903
1 313 11
673 858 204
309 513 107
373 392 761
331 397 112
351 494 164
72 784 45
357 363 94
291 334 515
500 505 808
293 349 261
91 462 191
479 527 353
263 603 168
752 970 21
904 966 214
79 952 34
627 746 415
416 432 370
297 333 742
648 778 324
144 251 501
76 871 94
16 885 21
231 394 70
878 969 37
180 209 174
672 807 24
448 792 125
38 42 751
829 856 509
562 617 612
312 438 389
516 547 274
427 714 152
164 808 17
159 347 133
295 331 712
308 399 224
615 696 602
708 787 58
352 437 785
241 480 214
13 53 544
183 344 197
27 341 205
328 786 125
498 972 127
378 937 116
245 290 75
63 281 107
708 802 868
204 864 15
713 872 228
348 705 20
291 485 290
839 947 44
644 712 890
953 978 471
38 291 52
52 146 833
480 562 1
298 628 46
717 841 526
392 614 226
420 683 300
233 656 29
528 610 886
640 789 254
329 513 219
379 609 166
51 729 80
586 669 219
234 284 373
241 261 927
464 983 134
282 465 91
487 714 318
311 389 596
317 374 962
875 905 764
525 823 209
481 788 180
444 575 88
14 227 82
543 650 314
388 933 127
26 958 59
722 737 11
54 476 189
300 456 182
809 821 853
352 358 78
394 675 78
373 384 89
808 844 219
97 141 28
20 268 15
87 121 42
745 893 354
122 247 22
534 740 285
195 213 685
99 270 466
203 260 552
60 898 65
523 867 178
97 182 621
339 670 222
262 613 236
750 809 824
530 547 81
250 278 16
264 913 19
426 735 163
744 850 362
198 247 548
663 745 535
789 947 492
555 665 583
53 419 15
380 462 137
499 849 14
63 725 69
664 707 2
637 663 23
476 820 197
290 406 406
58 176 371
422 537 184
706 786 594
363 528 202
40 829 27
266 822 60
301 423 519
294 354 218
518 552 284
171 296 112
391 787 11
462 931 132
786 808 885
608 962 176
890 956 399
634 690 169
566 716 173
568 686 645
791 801 569
309 407 309
50 104 841
481 669 345
633 963 36
511 691 391
479 503 674
86 160 994
200 305 560
198 510 118
134 494 45
625 654 651
562 571 197
370 385 556
769 936 303
160 310 324
491 495 638
749 762 708
112 165 895
227 305 535
805 932 345
286 945 102
947 978 955
73 274 59
63 924 74
769 821 251
809 881 867
655 735 288
362 713 16
39 131 35
139 215 3
282 337 852
76 158 777
16 65 824
136 257 229
473 580 311
742 801 1
163 430 244
682 770 82
643 750 223
456 678 180
458 532 126
236 861 85
237 313 200
257 560 118
749 993 130
210 230 935
270 423 339
468 808 3
559 581 262
24 58 110
141 274 128
834 958 494
792 820 59
247 354 140
198 262 10
947 991 854
159 435 34
810 927 220
229 817 102
552 816 93
634 712 483
75 688 5
682 774 567
731 829 38
232 535 41
844 857 283
33 73 940
441 487 316
485 931 158
641 644 558
146 361 281
257 576 89
414 557 360
113 359 299
555 955 107
140 209 937
875 925 261
171 250 12
156 408 154
930 959 903
187 388 60
723 944 293
119 204 780
114 470 172
531 549 937
663 964 25
147 607 101
608 762 393
253 393 584
324 443 541
103 785 12
352 420 618
670 728 620
260 596 142
820 976 71
509 762 213
335 385 971
529 593 942
179 315 565
882 888 454
35 400 163
752 842 387
186 736 126
162 295 6
222 617 165
346 513 335
26 181 529
387 460 877
985 999 704
193 865 44
106 149 615
550 590 701
708 941 16
640 653 822
501 661 218
478 544 463
428 478 185
447 874 168
330 512 198
930 980 304
8 739 34
229 488 76
706 850 432
82 174 544
297 770 114
241 440 145
670 723 22
200 333 172
533 595 129
417 564 369
523 592 578
329 615 283
698 851 101
195 724 91
89 933 11
112 856 84
262 884 64
211 921 89
437 943 149
571 632 182
634 921 241
647 857 267
150 464 148
421 905 46
501 510 350
583 606 36
160 281 655
613 649 927
341 371 501
88 909 93
475 994 87
182 205 607
353 400 734
665 749 306
549 764 183
603 685 340
294 703 139
601 644 354
247 563 49
307 628 252
17 136 333
429 530 607
304 389 766
203 210 116
146 641 149
281 771 38
176 431 44
260 401 408
524 533 571
150 471 224
8 374 45
798 905 364
361 527 322
628 851 297
19 313 32
882 957 612
174 201 830
749 752 484
418 640 26
746 833 231
270 344 605
314 343 452
445 696 253
45 798 18
442 965 39
62 154 489
171 740 88
339 607 79
897 945 696
532 848 147
828 905 614
336 506 141
543 975 91
389 481 28
262 349 642
120 248 431
218 396 294
22 166 34
76 309 304
249 454 121
201 289 563
906 988 999
490 705 216
565 892 236
79 107 412
417 915 80
153 162 912
318 476 356
534 576 827
940 973 220
305 445 231
309 804 13
277 303 816
414 730 91
8 150 575
336 472 333
412 645 172
838 844 836
880 989 381
261 403 290
455 540 569
8 560 70
351 386 15
601 621 282
740 758 15
759 924 369
95 146 409
859 960 430
593 734 533
639 784 86
449 817 165
408 504 83
347 427 559
97 548 141
440 748 39
849 967 161
592 613 438
178 539 221
658 742 124
814 867 314
457 611 11
790 979 133
88 201 733
579 658 773
786 867 374
606 658 845
267 817 22
362 693 45
349 897 63
468 550 144
831 921 868
326 695 210
265 540 72
316 342 58
435 478 654
152 194 438
80 347 181
134 190 494
69 444 15
460 741 283
121 595 170
866 879 389
399 473 686
130 646 114
78 124 230
353 629 17
673 968 97
116 277 316
29 547 145
592 609 549
86 152 433
785 903 331
152 186 780
277 760 155
502 847 193
131 259 464
649 673 578
26 165 131
375 484 713
558 807 262
933 978 761
87 361 262
546 780 348
735 857 427
52 196 47
73 206 91
165 546 129
282 368 390
466 595 400
221 285 295
130 137 174
465 580 706
1 219 152
471 618 38
210 537 191
270 294 845
233 472 268
232 354 20
896 954 316
41 868 63
38 104 729
136 234 312
412 507 724
386 990 122
776 853 769
74 79 934
516 575 9
775 859 49
749 916 223
444 558 677
580 677 716
712 919 132
613 737 357
280 685 10
396 464 467
59 74 824
63 417 222
603 832 18
30 95 746
285 368 738
730 822 826
142 238 806
53 113 667
486 653 257
353 919 116
759 903 254
343 884 126
282 323 291
185 532 46
320 331 774
14 303 52
920 999 876
636 769 317
154 364 206
82 129 673
286 653 141
623 628 182
377 585 146
844 875 163
752 756 781
390 691 216
909 961 369
153 283 633
38 288 85
586 657 258
635 707 699
337 548 315
797 915 366
894 963 676
468 534 473
214 532 104
736 747 485
202 993 53
157 901 42
718 806 746
85 193 369
833 847 439
394 550 290
10 76 124
755 893 80
503 866 137
33 106 498
960 964 680
415 641 140
538 551 498
636 786 365
568 857 142
828 909 54
708 820 17
331 495 159
581 842 96
178 698 90
515 713 148
226 493 261
923 974 119
413 702 141
410 554 403
765 796 127
226 279 19
121 186 432
638 797 88
414 427 337
130 301 82
235 276 952
107 513 158
260 370 347
193 284 340
604 888 274
647 955 63
496 570 148
248 764 47
233 363 396
77 262 406
670 774 545
87 210 614
461 508 61
510 541 237
242 323 827
638 735 765
607 786 456
16 868 40
331 415 802
195 454 73
134 230 656
195 265 702
635 700 638
103 116 775
730 749 899
227 503 77
487 541 726
414 488 318
734 774 531
677 809 567
901 977 67
542 777 44
707 746 787
171 176 337
503 566 453
607 682 893
13 101 571
215 252 122
12 33 973
174 228 946
263 283 656
381 572 188
332 497 393
825 906 615
280 294 927
242 907 17
324 501 303
368 521 110
492 613 367
603 918 155
302 632 48
888 924 480
150 290 103
505 559 325
653 701 610
516 669 143
329 362 925
471 480 7
669 771 530
873 973 314
558 687 589
261 347 571
135 385 143
165 282 208
90 206 319
286 477 153
177 272 42
451 637 57
411 830 36
224 551 86
195 281 345
47 137 298
412 496 268
292 879 97
124 469 24
787 895 459
159 313 328
97 945 60
251 276 55
745 766 931
31 103 72
93 252 119
560 646 663
234 956 50
194 597 206
571 852 9
295 387 790
328 452 12
410 473 467
556 788 27
308 495 272
664 911 240
525 764 145
345 575 126
124 491 35
228 267 810
116 231 665
935 959 628
778 948 35
437 483 71
235 510 167
181 421 243
364 629 147
224 579 75
494 521 726
8 724 66
286 877 71
72 187 326
56 89 464
544 829 105
253 318 40
460 847 31
100 227 489
182 391 144
885 909 726
337 503 501
352 365 31
209 385 301
263 390 115
538 661 286
1 283 165
971 977 585
209 267 848
696 702 915
455 626 440
173 299 318
294 872 140
100 575 57
756 938 301
698 748 875
107 340 245
563 649 475
580 645 561
604 901 49
180 538 193
300 606 221
246 304 722
554 641 523
762 886 644
618 748 628
164 182 508
619 653 621
451 517 563
469 500 740
865 935 425
372 926 144
387 423 599
72 76 432
139 221 506
81 138 643
907 922 773
592 605 61
637 783 237
532 627 542
280 563 222
265 325 308
192 665 86
494 534 193
672 781 336
181 280 277
435 476 277
622 985 36
657 703 348
204 274 250
433 641 387
478 509 513
251 393 185
675 736 724
659 758 492
247 311 382
640 747 448
66 453 60
380 618 283
267 292 890
651 742 311
661 998 241
337 832 67
63 251 348
30 252 351
246 338 776
735 954 255
65 498 104
210 228 989
293 305 21
835 955 431
838 891 991
743 772 854
970 984 807
33 419 177
712 797 519
902 985 462
590 777 8
577 787 366
358 949 113
849 891 247
94 732 64
346 448 750
549 575 518
182 190 87
771 939 381
95 328 182
104 119 297
619 698 896
448 886 130
135 239 161
814 818 76
863 958 620
742 957 120
278 875 86
478 661 119
588 672 454
795 977 31
155 349 48
414 472 359
568 574 895
193 226 273
560 712 123
278 447 1
430 582 38
581 669 601
158 538 9
523 607 510
378 429 48
493 609 347
507 901 44
297 716 76
861 987 457
416 630 195
528 821 24
427 568 49
593 854 247
252 274 731
122 332 139
52 107 719
744 827 633
812 947 581
517 889 140
434 491 552
545 670 130
69 241 129
722 858 553
360 949 101
481 500 199
197 736 27
404 506 473
267 697 59
338 377 27
694 771 357
28 255 273
853 914 86
305 423 387
900 970 705
407 900 104
104 172 95
550 575 372
54 157 223
492 621 415
930 963 222
310 794 87
713 733 739
308 568 176
104 607 131
88 125 950
781 886 492
465 667 27
754 870 196
5 198 318
215 289 738
723 801 794
444 666 287
400 487 193
879 926 686
272 487 24
121 425 139
291 298 774
354 480 46
226 584 113
655 867 338
700 830 373
541 545 198
770 836 849
570 595 976
119 235 374
68 154 268
470 743 67
359 388 380
336 605 29
54 169 237
474 644 390
275 470 242
370 393 847
30 404 183
846 943 218
170 265 368
274 640 22
317 584 246
719 959 134
575 964 105
674 992 120
475 543 552
150 693 117
1 479 39
177 254 573
144 436 169
288 401 161
675 726 863
324 352 532
206 988 66
655 760 335
420 769 9
208 646 35
258 267 500
114 239 107
346 462 250
934 954 196
58 273 74
591 710 523
391 706 253
210 787 48
968 990 352
495 554 790
214 552 106
409 466 509
385 615 233
501 558 898
501 525 919
355 656 78
940 994 359
59 153 764
435 578 321
141 454 156
778 874 363
684 771 467
87 821 73
930 982 881
736 842 282
70 224 315
962 966 196
748 859 97
550 572 979
164 200 14
814 918 13
513 575 241
928 953 251
265 777 113
397 423 927
170 844 107
774 890 414
607 777 285
722 768 998
762 862 28
477 804 206
770 886 42
444 474 67
746 799 359
141 238 553
170 270 321
116 860 25
722 954 20
440 583 228
110 166 110
723 807 316
428 433 904
762 788 34
206 372 141
760 828 742
211 217 539
680 870 92
446 681 2
747 961 243
612 748 207
583 676 789
606 689 225
841 900 192
498 600 813
200 300 674
300 391 599
321 921 52
33 250 301
373 628 260
300 536 186
179 185 418
118 270 117
221 439 129
457 883 42
337 442 35
437 740 87
661 739 967
497 601 340
636 690 756
57 93 850
341 872 27
405 500 182
784 837 717
655 658 769
506 567 642
434 598 446
699 821 50
924 984 278
655 920 103
488 899 105
277 372 537
643 696 52
274 355 268
42 954 91
46 996 64
208 325 506
51 70 597
712 729 595
555 641 348
555 625 644
26 231 299
705 952 29
201 643 24
79 576 92
158 522 192
521 598 535
24 438 82
917 928 560
393 859 102
107 999 14
15 71 471
20 202 158
625 951 135
341 371 470
200 380 247
602 638 280
62 356 252
510 596 884
300 897 1
134 184 221
442 583 225
117 149 491
691 955 248
485 503 236
92 809 74
886 922 86
180 203 953
251 330 613
834 969 145
117 532 84
87 768 53
599 683 554
234 367 576
549 660 580
302 685 146
696 863 436
830 861 816
200 594 178
218 854 58
816 908 712
30 126 550
822 870 313
308 905 61
208 814 117
385 489 162
211 448 24
330 481 463
280 437 160
82 275 195
364 479 181
758 853 323
685 952 280
83 202 507
45 396 75
391 889 98
907 990 282
218 231 108
12 74 981
214 946 72
596 615 116
450 561 26
283 350 489
411 922 22
374 380 735
567 655 911
263 866 38
349 618 194
149 153 115
707 769 450
108 345 273
56 664 84
133 768 113
570 633 857
231 403 162
258 312 606
568 648 751
779 785 328
207 755 146
65 949 11
77 927 53
156 347 18
366 881 109
149 322 64
555 563 935
72 763 27
775 879 418
257 310 102
499 530 364
454 506 80
390 430 834
185 311 243
507 922 60
807 977 204
121 200 481
30 83 146
425 622 68
309 842 125
6 164 165
424 559 180
47 211 102
536 664 551
46 768 30
95 564 51
319 864 46
320 420 107
3 38 985
481 547 934
738 750 494
129 663 41
289 637 84
96 218 451
934 948 740
348 518 369
456 794 152
137 451 95
478 955 161
671 730 7
377 517 487
436 544 675
814 971 90
338 482 532
551 655 212
413 935 75
585 687 92
424 431 372
825 918 155
289 566 270
84 155 991
802 906 569
111 177 14
92 153 43
14 463 166
631 762 237
25 287 57
53 847 69
349 464 79
306 358 787
671 691 684
249 321 822
713 984 173
79 156 845
543 703 461
372 387 83
556 889 37
130 950 76
235 283 869
150 661 59
367 710 127
29 90 710
425 574 496
237 547 125
709 788 428
586 856 91
736 976 86
866 944 939
23 870 9
846 916 133
382 647 304
316 683 187
806 815 814
126 264 81
327 388 489
782 787 490
11 322 262
233 324 741
541 700 146
236 379 281
761 899 358
54 127 243
199 313 503
863 942 80
763 837 144
35 578 121
664 703 719
518 545 276
148 232 85
134 333 405
143 333 290
850 992 333
401 447 830
709 831 515
21 26 675
274 614 1
359 436 820
406 482 972
130 239 531
517 543 28
147 417 156
110 614 6
313 898 86
460 475 709
471 648 25
576 588 659
21 26 109
526 822 142
328 355 250
217 700 63
362 666 50
158 383 89
981 993 342
332 357 820
436 472 905
294 537 245
673 733 462
189 233 763
10 113 149
321 720 36
378 580 300
419 980 9
161 391 21
575 870 262
26 785 88
523 571 661
132 142 759
12 45 906
52 325 236
772 844 143
599 618 582
552 614 732
560 588 436
160 211 391
254 260 895
442 500 965
198 464 101
677 682 652
49 723 38
162 303 438
776 881 172
128 192 97
847 965 441
6 167 316
723 741 380
537 630 775
192 238 978
705 943 292
149 346 397
683 718 165
12 526 3
605 664 885
278 931 76
611 664 481
487 862 185
103 185 543
963 983 630
362 696 20
392 554 276
583 828 35
633 721 277
164 235 397
780 909 7
45 57 651
835 880 825
722 946 120
805 968 486
826 886 109
306 377 260
300 822 99
609 903 131
332 376 885
337 496 469
148 446 225
221 482 56
80 183 773
338 354 563
665 826 422
718 854 600
187 378 343
668 709 212
37 122 336
360 772 198
843 878 767
158 166 888
338 440 59
379 417 334
529 607 136
261 387 647
574 590 464
498 585 585
54 194 209
328 361 708
325 337 77
288 417 345
21 35 800
173 195 157
400 872 26
453 463 392
724 856 490
362 726 37
680 719 622
964 977 743
652 689 180
58 152 428
442 545 527
496 531 834
623 719 741
521 673 84
541 626 165
178 262 979
857 893 434
850 886 400
765 846 652
672 732 963
698 704 643
45 94 309
709 771 479
883 958 996
105 417 225
244 674 152
706 852 261
177 216 646
139 202 694
609 958 41
66 140 143
106 843 40
60 281 11
140 233 64
733 955 89
421 679 286
601 942 3
446 592 386
86 444 53
113 346 30
142 162 156
153 754 138
204 602 70
360 866 88
724 783 482
882 913 995
23 27 61
618 700 345
357 514 354
414 471 198
450 801 172
82 347 51
913 956 633
776 834 928
285 381 303
393 497 594
404 814 153
98 338 318
486 807 227
121 291 59
119 227 744
444 603 469
71 1000 17
442 558 26
354 807 106
919 970 597
225 239 730
363 652 38
353 485 201
608 772 283
575 606 530
442 678 265
581 669 321
946 996 383
532 674 12
393 731 84
948 989 408
207 213 263
606 878 239
47 297 285
249 327 988
443 494 162
401 691 122
399 420 857
277 843 27
589 628 622
731 937 24
517 867 67
616 833 371
444 645 43
181 230 421
424 701 36
225 437 77
87 243 291
471 848 4
779 933 539
168 260 89
490 494 352
158 318 3
931 939 878
555 616 808
489 528 178
548 610 775
661 721 17
891 966 88
43 48 999
370 404 463
791 955 462
436 473 633
433 455 645
687 716 918
298 361 977
165 260 455
609 826 344
491 585 749
819 886 373
547 578 138
785 838 266
450 858 87
405 948 54
61 325 294
737 807 668
614 825 208
609 673 117
867 963 473
565 926 3
334 459 124
63 115 307
881 950 245
615 901 137
106 364 286
659 675 896
363 929 146
69 245 190
668 736 94
198 355 288
40 444 129
387 511 145
431 538 207
498 766 265
898 965 387
698 831 216
362 630 249
57 287 320
497 787 194
77 204 455
767 805 155
93 396 57
405 528 545
780 975 41
78 365 99
30 126 703
159 193 367
573 896 186
15 81 390
335 984 114
330 964 32
856 939 733
585 692 439
86 301 74
127 519 148
623 631 830
829 976 561
410 496 723
502 627 322
167 734 19
387 462 726
785 997 12
268 987 100
208 307 804
633 672 496
940 960 6
100 356 251
646 702 751
553 795 39
550 598 470
172 227 703
235 593 183
304 340 859
527 693 175
723 849 290
22 93 779
930 981 562
519 689 158
948 978 291
626 767 230
563 594 204
812 883 206
192 241 391
1 66 30
677 729 782
54 324 102
72 748 80
292 520 201
544 551 660
96 100 13
224 368 3
245 367 155
505 711 275
236 529 223
611 698 511
617 630 759
658 877 338
81 149 715
117 125 17
431 562 598
228 478 244
817 920 306
345 376 26
117 368 283
6 50 942
137 562 119
718 804 43
871 943 210
193 256 293
101 106 628
25 98 24
114 738 34
9 77 509
91 132 648
942 964 22
481 529 245
303 753 147
278 312 303
884 916 773
450 457 202
216 376 251
376 599 297
451 577 156
773 929 257
95 897 6
902 981 806
80 88 632
483 633 337
234 362 180
439 475 3
573 734 156
554 654 371
566 642 287
57 849 36
268 442 282
706 819 22
73 213 258
231 555 87
150 267 574
111 278 403
778 801 775
467 544 212
135 145 445
591 771 456
721 738 893
157 463 113
615 909 224
129 524 145
188 206 721
361 614 89
673 684 346
115 206 198
241 548 118
509 544 378
827 992 88
128 149 381
222 291 864
44 768 76
608 745 436
125 152 902
746 993 327
728 998 56
804 970 266
131 569 103
96 174 959
701 789 377
798 956 97
305 980 99
736 790 914
281 701 121
638 710 644
50 540 112
345 379 610
386 550 10
28 103 16
276 616 22
408 454 763
18 96 220
762 779 393
73 313 126
384 452 614
18 277 207
523 746 15
625 846 350
437 761 225
317 349 654
275 585 57
724 895 159
502 622 212
711 783 858
722 897 401
299 919 54
174 267 371
271 501 86
55 81 220
874 977 166
923 965 377
194 685 111
162 222 542
380 650 159
619 756 501
188 791 112
589 595 698
647 749 686
112 252 218
769 959 238
539 681 415
17 188 219
655 978 147
728 746 720
692 831 423
546 803 74
285 292 770
34 62 215
117 226 536
123 140 337
779 805 127
657 729 600
292 365 486
186 314 54
76 141 730
359 566 27
352 737 164
87 91 737
306 450 220
402 814 137
67 187 265
93 176 961
366 416 693
791 853 619
391 771 10
201 280 716
31 94 231
6 335 144
17 315 32
311 383 77
330 668 116
600 708 719
230 356 533
324 359 100
375 450 865
553 578 274
700 730 42
679 978 246
319 548 27
479 571 43
853 901 623
333 696 29
594 820 324
854 906 753
146 239 230
204 285 887
309 653 237
811 842 286
289 839 80
400 585 212
392 419 856
244 292 236
617 650 855
382 456 416
348 526 382
230 271 537
851 922 937
316 385 885
326 357 418
379 865 5
404 491 214
325 941 58
257 365 262
109 162 446
169 554 18
70 315 234
438 664 106
265 693 151
260 434 455
787 993 346
919 926 175
570 607 44
33 42 267
765 837 741
783 861 839
799 810 718
835 854 831
596 601 959
684 795 215
401 535 107
568 852 22
398 679 140
821 845 469
33 861 75
68 566 150
840 854 509
785 793 806
489 577 49
196 378 447
411 666 223
171 202 946
714 920 211
152 185 126
517 971 98
49 198 207
10 56 818
619 649 552
788 972 409
343 347 882
133 255 62
730 890 352
291 345 552
445 687 314
665 746 510
400 498 133
92 185 754
110 471 207
673 694 720
158 230 116
717 782 861
838 863 213
220 705 82
718 932 388
597 675 691
389 398 356
360 491 471
355 851 38
356 523 338
482 861 203
383 397 752
613 639 809
608 681 26
79 720 100
522 916 63
751 766 959
406 528 297
168 538 198
338 703 174
82 424 140
73 487 47
930 994 417
511 811 82
775 812 163
446 729 206
157 466 43
252 402 314
495 836 169
476 614 585
474 626 362
153 288 534
315 372 643
221 630 125
28 432 136
593 596 11
255 721 85
127 350 62
961 974 943
235 624 129
592 687 429
307 572 253
48 716 64
76 858 86
219 968 29
672 815 127
373 899 151
450 803 7
26 335 92
615 653 976
221 392 484
154 858 45
756 832 42
759 795 745
764 965 98
112 210 133
133 999 45
702 782 635
736 811 817
733 817 40
873 966 399
34 828 12
406 501 733
384 391 996
203 388 41
697 990 181
172 219 568
95 143 349
749 884 402
745 854 34
321 335 491
51 90 264
231 703 124
148 291 15
629 688 877
108 440 196
447 531 209
529 711 343
118 371 249
240 309 297
340 462 52
414 431 378
329 371 373
752 878 654
664 975 7
169 441 59
93 405 47
828 917 335
324 587 157
175 321 34
184 219 763
70 118 867
460 916 32
246 268 809
436 712 260
460 637 94
777 939 47
51 233 406
682 814 516
182 635 6
606 680 324
327 591 61
468 501 551
620 948 32
314 944 64
201 220 37
168 355 234
670 820 379
190 761 22
101 136 626
618 637 446
580 650 497
641 680 621
122 323 264
799 897 552
533 823 198
565 665 433
803 857 80
468 614 382
690 778 771
783 843 209
84 314 313
508 892 105
517 737 120
767 883 663
282 791 82
454 790 92
792 923 113
594 671 497
177 270 130
681 886 339
558 818 76
268 298 598
586 601 91
277 602 188
283 409 228
166 405 191
208 217 400
357 447 644
199 242 86
852 955 307
540 711 432
644 854 345
408 575 55
315 517 110
709 724 172
558 615 449
13 101 77
216 647 69
581 713 321
626 763 235
144 468 256
30 88 802
646 726 640
326 416 621
65 206 279
291 876 10
101 149 101
716 954 278
58 685 93
557 577 844
828 971 550
763 802 241
727 829 136
464 719 271
44 562 133
56 210 503
314 407 869
616 712 403
50 238 191
519 766 91
239 524 124
507 575 652
779 783 818
778 934 129
232 297 91
792 826 29
809 843 42
458 579 617
58 94 560
342 444 349
484 558 832
249 765 98
253 395 505
24 109 773
707 948 6
764 880 507
267 302 294
748 866 184
249 377 262
298 301 299
353 524 385
463 599 86
60 287 168
684 714 231
549 651 294
502 626 429
120 385 159
129 780 121
50 123 229
392 604 337
769 840 520
923 954 55
366 536 325
147 325 255
905 989 235
753 840 214
169 417 233
94 307 227
284 632 99
114 565 47
610 649 300
467 912 31
920 979 154
210 720 23
791 873 293
693 737 774
490 541 946
11 146 477
91 800 19
159 629 143
368 555 359
282 322 376
589 620 860
58 810 31
63 977 21
813 956 26
92 317 118
188 192 290
49 878 89
475 553 140
280 319 624
290 994 117
130 340 72
132 453 58
685 896 155
924 969 678
378 898 45
509 773 284
321 389 172
602 662 673
176 244 643
810 958 240
462 555 136
734 869 211
738 865 164
201 613 177
120 414 218
135 262 490
317 451 408
435 506 1000
519 975 127
874 946 977
52 851 5
4 946 41
70 706 77
256 343 341
352 463 675
56 160 462
773 902 1
783 991 188
594 852 278
157 551 26
500 508 233
468 625 140
329 444 372
317 493 148
11 680 57
361 572 376
590 917 28
718 872 286
537 701 293
242 311 247
935 989 696
609 713 290
14 732 99
4 78 469
255 545 119
355 462 247
361 446 598
707 951 78
195 351 214
612 937 53
828 979 466
51 184 560
365 386 424
422 923 105
458 722 6
382 527 490
366 513 464
78 423 122
551 585 749
602 691 844
408 465 656
684 966 81
190 602 14
429 454 500
828 879 389
34 317 247
323 365 934
469 861 207
680 768 721
519 841 204
494 502 204
633 755 3
278 993 37
563 721 417
344 645 135
350 769 66
42 209 214
728 901 146
713 821 446
577 927 169
848 872 56
749 788 919
105 156 802
681 699 16
325 867 44
172 306 596
752 799 5
368 596 278
290 329 394
741 833 507
705 920 344
331 423 718
28 881 26
558 562 342
522 936 16
251 272 466
894 963 682
638 703 30
15 277 150
101 389 59
868 929 593
4 84 159
248 282 816
209 775 105
710 908 267
149 197 767
365 585 152
87 126 735
294 385 671
287 602 47
663 847 203
639 838 98
95 719 118
543 913 184
866 890 777
608 712 425
242 249 819
227 358 167
554 840 113
234 448 184
147 360 347
409 446 524
932 975 877
10 630 1
586 669 986
557 672 121
781 875 884
107 516 71
245 309 737
87 413 125
123 468 171
151 190 754
153 245 886
894 920 830
269 643 99
857 921 705
521 881 176
656 761 584
120 151 373
49 444 163
700 851 204
146 425 241
121 147 983
257 748 16
360 891 63
877 926 170
236 696 41
331 424 310
173 191 27
91 146 94
492 762 27
78 132 242
348 682 207
292 543 214
3 839 3
175 528 84
141 717 101
132 817 59
845 940 589
452 535 650
99 282 406
28 117 101
627 721 307
321 360 669
369 502 187
769 787 417
151 657 116
311 930 105
136 681 80
515 829 89
195 471 178
155 328 367
577 924 127
787 957 130
137 508 197
34 205 238
156 229 187
145 209 873
409 464 70
731 990 231
14 119 463
480 552 611
436 498 991
380 561 345
88 164 973
686 900 98
76 132 419
530 831 60
194 276 92
80 636 77
443 525 262
363 499 239
405 520 313
10 369 224
491 498 212
339 582 83
593 627 242
198 256 918
151 844 57
139 151 396
271 325 601
511 561 607
306 612 110
679 904 283
187 507 256
751 846 513
72 268 41
155 384 19
387 679 230
130 212 868
706 957 91
156 300 318
466 539 103
349 589 144
346 533 326
184 523 149
107 307 239
22 65 358
205 287 129
400 485 854
66 381 65
68 90 295
647 819 287
683 765 41
19 399 129
509 621 327
802 962 323
492 562 243
228 527 266
889 903 570
467 697 130
339 896 55
670 673 614
720 872 467
468 541 522
478 730 57
473 527 501
251 667 168
567 913 134
781 913 292
135 165 987
51 68 428
189 395 264
503 729 19
296 713 176
820 931 132
131 143 265
516 998 59
439 458 186
810 838 366
475 587 350
373 573 411
307 421 614
84 136 380
327 406 227
167 250 980
360 524 356
535 927 70
76 120 161
162 713 87
521 557 697
363 391 276
57 362 10
432 475 861
374 394 621
124 442 50
554 751 250
458 499 399
412 432 302
500 577 128
365 371 433
112 232 537
819 928 354
107 526 12
812 921 248
818 911 302
439 475 562
88 101 624
358 443 61
375 386 62
252 307 648
529 558 622
19 85 246
44 952 17
180 630 77
54 93 970
246 250 207
88 669 24
392 453 312
640 959 189
467 805 99
232 326 14
833 955 37
209 590 158
448 556 77
29 32 404
11 497 28
242 316 997
484 910 114
459 462 183
215 219 552
7 111 608
364 691 121
450 560 503
376 447 215
276 375 326
66 99 643
159 377 129
707 866 194
186 193 198
743 836 619
448 567 81
76 206 398
576 680 543
218 439 280
417 513 146
624 847 309
699 810 329
562 834 159
107 120 443
270 315 262
570 574 828
349 537 336
86 629 39
570 633 929
947 960 385
76 413 52
115 288 400
653 692 594
601 693 190
426 644 160
27 73 295
168 252 845
255 262 541
507 958 18
179 307 416
774 982 295
530 598 622
99 254 33
489 704 185
173 307 281
210 394 169
615 679 950
893 949 842
394 555 446
570 872 24
425 699 129
448 580 275
25 62 31
441 547 271
814 862 663
87 130 942
72 390 252
835 954 280
14 106 596
258 386 519
545 602 191
8 367 62
42 136 691
923 993 854
276 287 397
253 300 536
210 374 506
265 407 143
748 885 401
792 879 23
268 729 120
350 772 52
773 797 825
17 36 764
674 691 255
216 258 953
259 345 874
810 904 651
299 381 168
223 329 37
485 559 188
581 712 582
257 478 247
