7000
117 127 814
70 149 188
907 961 663
691 751 838
229 490 148
823 923 260
524 556 163
753 952 96
196 374 451
103 111 381
232 314 230
475 667 364
689 705 725
766 791 38
80 429 75
457 855 52
38 260 6
447 685 245
769 803 204
664 947 12
817 860 38
909 986 527
699 853 150
146 153 590
192 625 20
319 588 59
937 966 266
555 953 117
578 707 360
441 517 389
358 849 75
49 95 255
315 679 18
576 587 668
465 609 418
148 216 139
86 697 38
715 879 117
369 405 876
77 165 368
413 441 700
602 645 615
184 231 905
302 388 125
242 389 432
885 996 632
112 367 38
45 157 28
252 419 467
271 396 661
740 753 213
130 384 312
30 239 371
78 101 228
742 819 155
762 774 128
76 422 2
216 617 191
769 808 189
436 492 931
811 930 408
563 911 144
555 644 235
123 189 87
291 449 54
636 640 145
571 606 859
365 552 125
550 833 35
289 308 751
548 655 504
713 716 421
85 88 209
593 831 152
441 503 686
340 403 902
232 437 395
21 229 363
287 428 190
704 887 191
652 660 309
802 829 35
653 762 176
386 636 250
533 537 450
789 841 112
129 417 73
185 237 375
620 688 739
353 974 125
483 602 681
159 619 53
491 594 575
503 867 223
82 148 357
462 545 267
370 853 123
592 806 222
505 564 319
677 782 543
379 982 51
627 657 60
158 290 490
433 483 773
132 333 232
221 586 53
134 324 24
262 349 581
35 64 429
318 658 226
566 731 298
62 279 69
195 288 42
560 645 901
7 107 787
123 303 429
695 779 823
626 800 339
522 607 180
362 867 117
101 150 443
515 734 56
120 350 82
916 987 200
91 241 282
96 347 38
309 423 523
846 872 345
572 623 623
378 389 311
565 655 355
463 483 828
67 652 20
754 818 342
554 635 757
875 961 921
19 178 200
757 982 75
751 799 161
579 728 461
26 53 908
549 792 300
98 151 781
319 401 421
271 411 453
254 882 99
67 799 37
516 656 196
259 469 89
784 886 585
778 862 280
474 716 247
581 661 47
33 109 991
439 516 810
690 908 203
877 918 246
317 445 646
406 658 283
17 840 79
771 947 121
480 745 147
539 705 101
204 276 602
561 690 141
246 388 217
948 963 960
79 197 192
562 712 358
178 182 138
58 87 556
849 901 48
373 463 421
745 902 224
301 670 123
257 954 16
367 396 532
102 231 180
304 478 194
138 371 188
523 980 160
663 763 336
570 777 363
236 643 16
494 519 187
621 681 367
124 179 902
264 341 542
204 646 129
410 707 225
370 768 16
238 928 92
709 817 135
453 826 184
861 882 946
85 133 463
758 893 377
585 676 778
871 900 873
707 890 161
139 482 66
475 696 270
312 365 457
152 454 131
870 989 115
3 905 59
69 229 184
85 972 89
120 648 41
514 608 270
893 931 81
602 756 414
797 836 136
718 804 534
865 940 4
702 942 316
683 731 52
409 800 68
3 159 313
354 688 86
211 282 21
244 897 10
866 921 337
742 770 996
592 671 351
642 740 266
333 761 118
645 850 383
210 310 506
74 360 82
368 520 19
673 728 211
539 741 377
65 203 215
413 444 116
475 557 883
880 958 610
602 607 7
534 551 776
48 124 131
768 953 30
950 967 149
17 108 570
679 735 821
231 490 78
76 881 45
566 690 641
955 975 86
76 838 15
721 822 367
499 541 19
223 257 778
325 340 333
58 180 659
401 988 120
672 801 616
362 570 29
134 219 111
568 643 736
220 436 135
1 83 650
520 752 313
426 657 321
73 79 945
155 487 204
122 751 92
217 979 83
20 26 567
200 429 126
410 465 740
640 808 15
166 945 93
226 414 166
543 612 649
485 876 179
878 959 58
7 53 947
351 722 81
612 643 171
321 385 478
378 409 609
41 110 891
648 748 654
179 434 287
449 574 496
139 182 702
157 485 207
118 610 1
432 866 178
687 693 843
387 464 265
290 302 833
68 94 94
103 590 74
191 272 909
418 689 288
18 64 537
124 199 884
531 557 972
99 428 86
621 678 311
740 948 326
273 792 3
508 558 832
852 857 936
817 983 290
394 435 179
710 803 774
197 405 125
305 499 138
470 486 563
782 904 629
764 872 254
467 567 698
294 677 172
791 821 846
83 128 942
824 966 395
191 374 232
681 817 104
256 865 62
206 694 88
166 200 183
216 793 1
819 830 877
467 547 595
135 471 22
892 984 44
508 600 366
742 749 967
597 687 57
366 612 41
733 921 133
179 629 114
385 464 211
919 964 827
420 529 93
284 510 335
236 341 277
346 390 212
534 677 314
349 490 471
767 939 116
141 249 683
204 282 844
560 986 83
506 740 294
774 903 433
424 755 233
322 466 280
867 905 793
571 706 112
146 318 128
552 784 329
851 871 70
512 908 35
466 548 562
47 380 109
513 856 41
613 854 150
267 531 82
820 875 571
900 959 435
345 539 355
773 885 305
104 294 98
855 889 386
191 879 17
676 828 68
766 863 612
88 191 245
186 402 316
851 967 392
99 555 144
308 444 561
475 581 682
769 810 22
378 546 64
281 930 73
786 828 612
737 740 550
768 980 362
221 970 66
73 144 578
451 570 677
241 950 83
205 364 290
150 890 26
156 349 404
893 904 421
219 665 15
931 949 659
611 709 412
861 917 468
477 604 7
774 833 264
727 871 459
583 979 130
291 439 194
607 622 123
795 902 598
58 134 892
45 73 660
493 792 146
709 977 201
345 361 741
417 652 213
840 862 637
462 817 5
335 370 954
825 938 231
858 938 588
368 827 163
600 701 496
877 933 285
749 807 557
209 256 916
806 872 240
782 888 379
218 294 684
357 416 429
465 486 404
91 99 756
147 191 944
204 597 44
458 486 981
356 901 114
201 244 815
737 986 216
347 610 32
121 400 91
653 910 99
657 777 198
469 501 922
417 473 784
271 345 112
357 438 791
264 984 19
666 836 172
622 696 410
445 545 610
529 619 259
986 991 65
287 298 362
363 684 213
645 654 128
638 678 155
32 94 530
484 532 862
440 446 624
31 149 162
273 471 197
763 841 922
886 895 277
129 424 152
323 594 170
452 614 113
514 865 60
653 783 428
451 560 645
203 917 33
246 294 753
677 798 510
172 322 537
634 700 841
940 944 889
218 261 608
89 173 709
567 812 106
145 594 167
19 68 309
89 267 154
253 351 363
642 756 14
598 849 82
390 421 908
243 354 106
722 795 748
335 580 204
124 389 222
101 107 939
879 970 206
393 487 846
610 654 889
317 424 455
207 412 243
453 561 257
459 978 159
252 344 335
136 392 249
22 35 431
100 543 16
71 130 18
5 103 714
773 852 38
36 972 10
423 611 327
887 978 7
226 401 438
873 909 300
416 504 604
624 703 312
619 682 18
313 379 421
373 435 496
939 995 773
312 345 725
89 111 877
129 606 5
543 546 120
747 976 359
936 982 53
547 767 275
770 807 921
665 772 398
722 916 96
398 617 302
12 129 612
845 930 700
442 979 11
885 964 334
198 242 121
511 564 270
343 459 690
455 497 86
702 733 933
351 591 301
758 802 609
208 310 154
837 926 93
123 823 75
289 318 872
716 922 56
91 438 66
336 788 56
196 247 221
657 678 775
584 788 89
396 576 162
376 486 146
633 640 950
766 840 280
568 696 370
385 447 229
661 717 348
347 430 373
301 873 41
643 795 481
260 523 277
566 892 35
882 902 451
566 692 621
44 392 214
265 328 732
398 417 930
405 642 201
635 818 124
597 652 222
720 950 90
131 898 32
474 703 348
768 972 388
364 701 162
437 493 383
78 789 42
102 163 861
411 862 164
599 993 40
282 646 11
603 699 13
264 359 412
132 206 225
701 801 58
7 11 602
746 838 616
813 913 604
193 614 71
264 712 2
480 908 134
177 301 202
412 490 304
110 706 31
219 327 553
745 776 544
814 819 976
534 608 967
197 427 120
12 58 53
544 870 94
488 620 185
169 239 157
461 698 165
246 288 328
52 222 22
575 733 461
170 336 137
818 881 802
524 604 12
121 560 21
844 929 185
535 610 544
935 980 691
55 85 77
870 962 131
240 466 174
34 680 32
80 356 37
720 772 290
554 859 96
172 228 264
436 963 157
59 140 496
701 791 791
426 503 838
925 954 573
864 906 200
120 342 44
543 682 311
73 191 264
93 355 165
146 174 983
462 562 770
583 656 933
466 507 185
343 416 328
413 757 242
869 962 644
113 565 59
63 846 104
644 655 604
281 366 722
124 601 67
530 541 372
29 524 111
448 753 273
232 250 757
298 344 338
63 824 93
689 936 26
226 804 116
744 832 117
260 308 578
331 581 64
619 675 319
199 952 17
266 340 736
853 902 576
622 863 112
543 598 702
530 585 88
343 752 198
743 951 47
292 721 146
469 512 444
266 337 693
259 769 32
335 402 824
140 365 78
261 428 484
88 646 104
31 40 682
121 302 434
695 730 95
295 371 533
252 274 126
28 73 875
626 867 218
422 702 214
33 371 229
764 866 690
511 662 343
157 248 880
467 499 221
223 233 246
442 532 277
531 752 71
279 733 61
94 119 917
392 911 150
267 820 148
405 464 260
59 968 78
779 836 115
80 324 88
32 39 465
341 797 108
783 945 431
214 555 152
95 109 908
348 414 907
100 120 492
78 875 58
508 632 591
475 583 370
2 613 7
542 695 220
264 311 840
280 297 595
616 840 242
801 989 223
75 160 161
856 935 177
86 374 289
972 977 455
426 707 34
128 271 107
46 120 933
680 840 211
620 765 372
88 109 445
777 849 189
69 243 428
711 940 186
311 754 175
543 558 240
360 563 1
765 826 748
141 199 48
617 682 107
254 332 136
507 991 116
269 315 280
370 396 388
558 659 244
700 708 693
92 323 300
435 683 244
524 712 13
194 201 444
351 423 56
571 596 326
369 683 48
277 334 723
279 324 696
723 795 14
295 762 166
677 680 127
23 184 452
931 970 372
36 138 813
47 383 171
898 975 462
381 399 58
467 475 31
777 842 470
214 380 217
887 954 518
382 449 832
286 717 28
417 890 96
188 293 306
66 565 146
457 607 327
436 924 19
424 667 338
619 686 643
674 940 224
570 966 157
754 803 320
590 793 105
574 615 600
580 589 332
303 569 272
765 922 80
58 684 9
17 232 358
476 531 900
888 943 114
346 578 313
10 125 693
315 935 84
261 295 337
359 487 606
615 698 266
597 608 708
326 376 830
136 903 66
436 504 644
737 795 359
144 205 657
157 252 572
451 685 105
369 694 188
95 278 155
177 725 36
621 704 998
795 972 322
823 864 126
695 751 438
587 646 69
110 154 596
15 871 33
385 822 51
201 235 512
27 777 40
321 435 578
464 986 40
558 690 524
72 111 125
200 448 100
629 905 174
82 366 140
502 614 725
327 377 313
412 452 421
757 890 557
412 587 200
731 794 735
402 408 409
65 109 479
360 394 803
159 382 284
647 652 320
833 923 118
560 580 558
882 889 820
748 999 115
71 198 479
766 893 223
753 790 88
788 798 238
589 678 193
10 35 320
176 594 10
533 726 177
690 808 323
22 136 273
389 634 184
344 839 82
652 959 205
617 668 811
20 338 232
21 222 301
621 730 384
811 828 561
258 349 861
678 686 398
866 884 143
519 584 684
672 689 722
223 293 603
932 984 108
320 361 352
699 833 506
484 973 117
457 616 113
202 256 742
364 421 445
920 948 804
142 889 101
225 275 181
177 429 119
551 719 156
359 888 15
504 824 103
312 630 3
208 889 1
286 457 1
305 455 277
194 455 294
725 785 520
696 745 604
255 363 680
651 694 470
660 701 843
217 833 124
396 521 233
544 938 74
7 85 867
611 626 415
365 557 182
264 288 712
30 708 114
49 76 661
526 767 22
15 381 145
828 851 823
115 176 501
642 753 364
29 107 411
835 931 593
457 514 874
115 996 62
362 900 90
760 930 183
424 624 275
621 712 8
791 902 622
257 525 15
192 196 391
101 158 191
543 607 994
769 874 757
531 998 20
826 904 563
191 409 86
720 822 524
234 815 60
296 346 557
294 673 210
478 491 159
981 986 592
196 364 91
647 679 449
985 999 300
371 425 167
8 93 428
341 350 426
164 843 107
721 767 640
581 786 385
368 794 49
390 517 233
58 763 83
272 412 554
806 815 150
378 907 27
42 100 637
202 223 400
882 896 231
517 525 339
447 593 26
744 825 111
364 487 431
715 761 593
158 462 50
791 812 173
884 907 519
360 384 335
805 948 382
191 557 173
15 76 64
253 548 96
699 952 71
358 423 533
63 75 944
480 537 118
903 947 582
22 876 35
770 976 16
826 974 504
294 306 565
135 409 97
462 781 246
96 353 216
704 823 509
377 936 115
500 597 612
111 536 6
301 493 185
645 713 983
93 262 304
176 370 319
48 235 410
531 785 226
462 550 659
792 807 619
350 504 38
496 541 449
142 733 133
341 552 298
273 346 662
813 929 656
75 372 103
451 487 746
670 697 141
275 588 113
409 424 212
809 849 415
22 473 36
81 133 595
34 329 179
874 906 67
227 269 771
401 726 178
497 670 135
170 987 44
690 819 364
738 752 566
697 810 117
103 446 95
381 523 540
523 571 70
8 636 69
226 498 157
431 918 41
24 111 262
87 643 72
76 164 830
874 886 467
346 539 386
743 753 450
408 457 721
648 746 469
306 326 500
369 479 239
274 476 216
40 389 45
438 551 130
137 231 69
42 76 380
410 569 387
506 520 357
798 907 128
20 247 245
37 67 699
183 220 198
246 445 49
406 434 91
273 460 90
191 241 203
423 652 325
214 325 29
580 760 263
282 532 23
272 354 961
260 457 352
44 288 301
326 378 329
70 596 129
935 994 293
94 159 297
300 473 458
523 777 117
70 636 86
760 775 495
454 809 186
883 903 865
423 517 243
797 889 3
703 870 375
671 745 468
874 907 1
607 659 369
862 883 510
102 420 86
455 668 384
261 992 52
671 694 753
517 897 216
297 425 67
940 960 440
237 439 270
382 550 391
474 743 219
635 799 258
31 35 144
736 824 726
734 763 763
224 313 279
66 148 784
472 982 116
45 954 57
144 201 160
901 958 440
290 387 854
546 598 770
686 755 295
727 890 176
251 282 899
167 284 701
355 463 70
722 920 312
440 851 93
647 721 955
623 794 40
207 478 81
373 403 177
214 291 729
128 926 57
9 983 4
446 896 154
571 793 275
252 305 692
629 874 326
132 273 499
229 794 24
13 527 48
56 517 76
720 972 2
21 66 479
554 970 41
120 150 837
432 460 475
182 208 213
59 586 89
592 761 23
377 574 304
288 556 178
666 689 550
360 391 708
453 642 377
430 469 843
84 833 27
377 613 255
376 720 72
277 348 483
663 668 320
600 906 129
135 217 68
298 918 72
130 876 100
700 912 266
652 748 753
129 616 100
548 737 173
502 751 34
528 976 164
130 662 4
252 267 640
636 837 136
243 628 129
211 383 327
723 769 839
61 66 198
694 758 412
267 307 331
334 347 828
518 547 686
362 401 976
61 168 177
419 579 158
650 793 238
954 974 542
547 846 14
373 404 112
304 345 659
224 352 2
28 94 412
848 926 224
644 837 401
250 424 302
743 943 207
350 396 547
337 424 257
493 971 113
273 355 118
753 972 3
490 966 26
242 440 397
414 667 59
585 868 86
330 482 123
669 737 356
429 449 336
36 158 500
201 294 64
33 902 25
146 176 202
707 719 152
14 933 21
23 82 63
237 453 258
572 920 136
174 344 298
196 267 277
531 578 916
248 910 41
12 893 85
202 872 82
444 843 201
172 304 572
206 494 245
598 682 63
159 548 131
385 781 98
683 813 362
333 491 77
100 119 267
953 959 835
312 359 822
304 404 56
467 951 103
350 446 247
383 744 143
635 674 621
90 166 297
441 471 617
9 73 758
295 855 134
21 46 68
955 968 727
508 590 874
151 638 109
98 633 61
5 52 529
546 959 143
595 692 347
279 767 56
393 510 228
743 989 72
149 241 19
680 734 111
393 822 143
568 896 195
336 804 123
466 846 130
162 331 171
510 659 342
682 693 249
529 602 188
220 966 17
892 983 48
462 666 317
356 391 523
460 547 614
548 658 204
233 365 346
658 783 336
85 330 208
724 815 90
143 817 86
100 255 85
29 135 302
298 836 83
67 104 942
224 504 161
346 847 49
435 655 104
347 442 183
756 938 321
519 528 487
678 911 57
683 873 290
73 281 265
315 772 138
628 716 836
8 160 254
2 84 537
690 856 232
776 872 867
881 953 427
584 695 298
701 704 711
349 455 607
48 93 965
381 405 963
575 980 20
307 932 55
873 988 184
806 932 592
443 525 206
558 995 111
818 861 749
432 559 395
24 117 380
486 684 119
418 472 327
319 436 422
476 520 870
851 941 231
276 606 217
553 783 277
237 312 935
154 222 175
391 446 944
879 982 718
618 721 127
191 428 267
614 647 405
557 622 188
513 548 768
843 889 963
387 446 956
395 461 774
451 900 141
747 871 557
381 563 357
575 586 977
179 538 107
877 950 930
190 415 89
420 446 153
335 681 176
311 951 100
15 18 745
239 349 739
407 428 474
665 940 221
261 555 208
141 149 418
215 328 302
236 990 31
31 613 113
692 812 65
21 75 738
382 646 278
590 595 331
905 980 11
438 469 198
333 387 522
531 645 207
715 776 73
638 841 75
20 653 54
533 897 224
416 539 188
289 717 132
462 554 724
858 881 671
203 497 18
225 440 227
570 607 67
102 141 207
562 614 588
184 198 573
539 716 83
846 923 522
630 710 108
80 338 235
97 150 725
86 108 631
302 747 103
174 261 922
113 138 100
441 531 87
520 646 467
563 587 653
181 225 780
397 662 18
274 405 83
550 597 715
251 439 177
449 535 767
3 404 50
818 903 505
524 564 636
163 397 318
226 394 333
413 420 634
725 813 248
205 871 49
457 697 201
304 736 14
405 490 688
90 207 99
15 574 2
88 1000 59
116 154 458
273 325 940
214 275 910
774 839 730
879 927 376
83 120 956
782 791 778
607 611 487
142 229 194
361 967 5
894 957 67
710 719 127
448 459 638
126 155 231
203 565 53
375 408 7
429 491 693
409 677 160
467 522 308
764 905 393
75 105 268
373 692 58
236 396 316
523 582 370
116 764 80
320 766 77
185 274 527
603 950 57
66 615 113
74 102 49
281 318 826
30 327 95
202 234 425
300 327 110
468 608 363
703 910 42
801 919 677
245 642 91
361 821 138
109 570 42
206 482 189
746 957 152
28 920 86
652 934 11
441 774 209
630 775 218
51 367 233
359 719 152
129 597 105
725 739 754
912 990 704
681 874 349
470 577 713
468 520 328
745 904 186
283 670 41
517 577 105
354 536 38
338 567 266
768 853 455
495 523 995
142 176 305
280 738 31
328 663 126
196 614 103
682 874 26
486 749 42
14 849 68
659 711 225
506 609 512
669 706 289
628 950 5
342 486 223
318 357 49
205 243 95
932 971 212
275 816 58
94 327 156
684 709 478
431 492 10
40 848 92
869 986 373
387 487 333
658 781 25
669 765 70
15 41 882
511 690 37
535 647 323
55 378 253
896 957 699
240 375 158
916 957 557
426 764 236
460 488 410
294 886 64
147 568 77
573 620 574
545 879 237
487 641 502
19 906 4
45 370 241
253 334 913
755 980 279
416 594 159
541 666 350
597 605 780
49 100 99
325 478 286
423 775 191
161 198 286
437 640 175
65 648 81
356 497 483
332 486 301
158 243 255
182 426 328
610 755 84
239 347 246
24 680 8
449 530 776
169 650 65
802 858 777
437 610 383
269 390 538
72 409 205
48 485 90
929 987 962
548 875 104
703 750 325
12 245 356
430 880 184
966 972 632
310 720 167
619 861 340
523 727 181
856 960 63
170 242 119
469 510 605
242 469 45
723 733 621
137 150 917
332 364 923
680 830 192
333 387 239
880 952 273
381 688 244
806 823 695
744 761 135
712 747 291
393 408 870
163 254 129
235 319 144
378 718 116
175 856 40
199 676 33
407 446 382
310 337 99
79 968 93
387 801 110
256 389 79
69 620 141
621 651 823
352 375 30
940 989 717
130 153 516
355 634 67
67 210 221
427 511 978
682 760 887
625 629 216
435 638 195
531 987 164
762 807 251
438 648 25
169 506 215
938 982 575
782 819 337
216 299 832
294 557 171
127 454 48
23 714 33
752 806 78
289 449 426
702 806 698
260 284 844
213 312 626
113 120 495
168 231 377
617 624 874
609 816 265
397 454 964
785 826 451
198 584 12
483 872 203
207 672 152
156 361 295
778 822 796
413 477 372
364 774 180
101 240 243
738 959 126
529 547 803
457 566 297
604 860 319
739 799 483
441 467 308
603 782 77
893 959 86
693 792 601
586 645 592
311 440 13
99 245 372
336 661 10
655 984 242
368 833 84
170 563 107
528 702 191
703 890 219
294 959 29
361 569 77
30 459 121
163 220 465
103 942 59
655 887 214
556 792 127
450 482 519
207 799 110
198 261 539
127 240 2
112 140 94
125 750 123
284 297 582
392 937 64
704 764 42
728 732 43
464 556 372
147 244 749
292 455 147
504 938 183
362 420 111
972 1000 150
695 831 420
491 698 219
482 512 437
178 515 166
409 808 125
77 349 285
469 588 173
90 310 362
762 919 344
790 918 540
558 692 368
366 840 51
563 835 184
631 706 356
559 599 623
469 555 382
798 851 344
283 396 308
914 999 701
63 359 65
285 372 664
132 796 27
460 598 148
556 675 91
705 740 114
214 508 139
578 865 30
564 654 911
65 88 145
311 643 172
174 283 511
222 439 7
574 895 61
672 712 820
910 976 702
470 534 485
348 445 588
132 164 471
153 472 98
99 174 870
254 271 531
540 755 149
854 862 259
158 277 422
370 565 64
11 23 141
807 817 507
823 839 362
11 76 727
484 999 138
522 775 90
451 564 214
267 312 70
739 817 877
107 414 235
22 368 24
276 302 774
349 365 775
440 776 218
573 707 302
95 179 136
549 611 232
413 470 385
501 661 159
574 974 96
481 796 66
560 963 67
182 996 52
722 953 2
393 711 90
449 475 794
42 64 305
433 589 167
671 860 339
938 942 157
857 863 315
278 833 91
260 741 124
111 270 268
743 776 830
422 768 222
351 448 336
123 514 175
61 349 205
107 276 202
33 299 234
755 884 363
107 967 92
375 382 320
384 604 268
127 294 162
148 664 63
190 256 484
348 465 224
622 662 865
608 742 113
364 510 326
628 829 289
330 812 106
727 785 189
539 586 910
713 836 117
139 194 590
86 411 158
600 776 165
415 460 163
247 874 97
72 384 20
448 580 490
163 780 116
452 502 728
475 529 956
600 784 201
340 352 198
319 346 539
794 993 245
566 707 399
307 427 383
17 135 88
241 798 134
85 665 8
724 774 209
469 578 699
332 406 654
840 990 485
827 929 1
278 529 139
69 281 205
664 734 568
178 415 34
609 638 710
702 819 145
293 809 60
534 550 105
174 383 155
453 506 867
409 606 92
87 458 167
796 938 506
398 434 361
273 334 69
478 523 500
477 901 62
893 941 624
380 705 184
669 920 237
454 547 120
636 705 131
943 990 303
133 209 167
582 895 203
593 793 28
374 654 16
166 268 732
496 624 608
160 519 45
234 311 639
535 626 851
450 622 334
711 874 100
385 762 78
548 663 442
893 979 335
222 288 584
47 153 338
451 540 585
835 952 185
23 79 880
243 325 353
309 470 43
505 587 792
401 433 687
635 962 28
99 619 14
524 599 513
407 541 280
394 596 367
288 399 330
431 467 572
948 965 696
529 650 87
217 535 110
380 921 13
884 895 656
774 816 319
329 536 44
746 799 376
784 837 485
355 401 516
698 862 417
372 428 184
1 33 798
549 556 230
633 737 701
269 388 108
35 712 23
501 620 548
531 578 929
478 858 31
297 468 220
269 773 60
537 606 116
417 561 496
698 986 253
694 851 245
228 479 143
138 817 6
579 593 181
106 201 599
201 403 348
557 696 585
147 169 324
669 755 259
511 780 66
301 437 554
439 516 308
354 758 113
342 783 96
139 289 474
753 900 451
722 785 313
455 518 898
192 314 611
806 955 472
712 773 624
663 852 426
648 701 285
335 443 261
6 90 839
876 924 318
627 720 229
636 747 492
405 669 88
66 335 74
75 593 39
704 866 479
679 976 179
531 539 133
77 93 30
700 782 832
171 308 58
309 329 642
941 944 970
721 888 183
581 654 262
82 189 362
575 652 887
806 854 720
161 276 488
292 509 94
281 841 24
538 593 586
209 449 295
174 965 75
247 314 969
591 599 875
335 634 165
375 445 859
479 800 2
100 169 29
532 752 115
645 937 27
569 615 245
318 391 725
872 914 128
708 738 393
778 812 915
11 71 100
270 289 583
909 996 573
457 503 350
527 568 149
403 423 735
383 880 127
59 213 128
17 103 315
201 476 84
405 452 414
296 693 35
585 664 611
112 129 142
555 569 280
94 232 235
625 650 344
775 903 326
874 989 692
493 513 839
19 886 5
380 425 400
679 696 864
489 670 284
768 782 800
323 603 155
126 138 187
345 349 770
83 202 130
781 976 306
313 326 628
383 564 316
117 139 739
231 648 138
657 669 911
591 646 457
726 755 347
194 247 241
523 769 118
681 901 212
282 360 432
85 263 59
561 612 32
687 832 71
522 536 713
610 646 842
334 349 785
501 537 979
804 896 842
573 781 369
108 282 262
356 607 50
291 365 319
145 637 143
884 960 105
221 476 236
378 384 970
596 636 254
54 135 146
614 695 846
489 576 515
3 104 73
209 395 341
255 511 177
671 799 472
65 233 100
274 537 117
591 725 19
11 32 558
637 670 367
343 751 118
100 176 805
230 447 179
699 713 727
813 844 616
476 554 458
499 592 264
853 972 345
367 450 265
583 708 535
284 600 82
160 690 61
970 996 30
19 160 501
242 402 42
357 388 265
546 575 177
418 447 868
433 887 137
623 736 520
277 570 151
661 736 197
766 841 404
667 776 79
362 562 334
443 662 109
394 571 98
61 625 111
500 511 135
128 698 64
700 926 335
238 365 190
30 589 52
493 578 403
117 433 81
67 194 561
686 704 106
958 994 501
249 285 836
697 765 148
44 221 360
373 421 315
137 256 377
753 822 366
476 745 52
538 544 629
803 886 791
310 781 164
218 364 504
183 343 255
137 590 175
289 307 368
397 652 89
791 864 96
90 109 362
709 783 275
217 622 96
564 892 137
601 693 515
510 963 127
282 971 37
533 556 557
416 484 884
802 818 485
835 870 783
79 606 20
265 778 56
72 210 272
484 745 132
628 655 293
547 673 52
482 998 22
523 690 30
94 857 28
805 911 760
34 221 238
223 951 29
153 430 142
441 527 935
161 283 249
744 999 121
639 749 751
937 942 249
184 214 928
264 423 315
31 194 63
877 947 997
155 277 100
215 257 130
437 602 478
423 433 146
491 520 290
817 999 108
782 840 97
524 705 163
215 779 29
253 481 104
417 898 73
868 893 103
469 614 316
561 977 160
59 927 32
618 702 609
526 828 178
552 591 139
431 505 660
765 811 772
323 447 8
851 894 515
190 696 67
114 161 782
45 802 74
482 607 597
191 250 473
525 728 154
466 535 325
213 315 80
47 77 189
590 822 2
574 595 15
155 557 119
449 731 258
158 176 182
522 549 494
199 875 118
647 691 903
232 409 392
549 693 198
34 283 163
538 622 619
33 508 30
281 940 109
272 377 769
452 497 46
517 743 66
189 494 171
691 731 51
391 458 531
604 656 810
711 937 276
594 599 924
882 892 767
404 641 170
735 909 458
633 816 156
654 891 213
311 435 458
600 657 800
288 794 68
160 449 285
127 299 95
213 316 162
581 639 904
167 238 885
23 524 5
773 781 769
852 993 340
419 429 686
56 61 822
452 524 827
765 798 924
375 806 43
308 581 185
692 718 820
712 815 209
5 12 651
115 296 166
336 397 816
626 841 275
869 942 764
108 511 156
295 329 157
661 837 104
180 812 120
770 914 383
801 952 426
770 829 240
614 740 538
54 60 218
82 771 78
99 367 43
64 145 95
611 623 594
501 708 402
98 204 469
661 898 245
511 643 217
673 952 61
827 832 781
240 598 181
39 646 120
390 765 119
353 723 74
530 575 30
132 332 191
101 775 9
467 555 881
741 752 167
690 803 247
287 493 139
337 532 162
680 725 726
353 820 110
220 260 649
543 615 872
457 598 317
24 576 98
954 983 482
206 304 566
182 201 90
693 733 226
317 372 120
364 831 38
387 484 834
690 780 651
71 358 287
317 996 111
913 998 403
636 835 152
475 631 281
339 507 277
128 850 3
195 301 419
154 209 90
44 91 633
638 669 515
10 94 108
76 257 122
212 306 237
457 586 277
162 308 394
925 971 750
16 136 258
557 581 864
2 42 123
512 907 34
602 638 226
25 210 319
480 619 538
90 149 539
780 834 251
610 803 414
801 833 882
559 786 297
725 936 309
107 164 191
137 497 116
544 881 131
452 476 124
637 830 209
206 413 251
554 592 363
602 811 52
870 899 410
639 701 427
459 847 158
315 980 121
735 802 759
362 407 7
147 165 949
142 875 66
8 771 18
421 508 653
636 741 340
74 534 52
358 469 30
689 851 489
106 524 78
250 362 23
105 416 1
8 654 86
836 842 276
51 338 38
685 757 143
170 203 707
224 473 268
551 823 12
713 994 211
477 560 801
349 420 500
636 742 125
188 368 89
431 787 41
477 600 62
266 662 197
550 704 260
59 112 657
138 449 254
267 691 158
475 744 41
855 932 923
789 886 284
192 399 202
924 927 415
873 971 596
759 832 700
72 257 38
426 430 282
606 685 73
322 369 271
245 402 76
215 738 94
406 558 131
563 910 106
397 489 796
469 962 12
626 815 35
869 934 799
890 922 208
296 414 307
435 478 694
188 522 221
67 76 539
142 257 591
878 932 160
25 31 215
78 252 190
88 462 214
642 712 519
537 545 349
48 350 76
367 390 718
928 999 151
334 966 78
844 847 925
166 579 143
727 731 690
400 756 181
412 647 85
167 478 248
333 583 155
193 220 729
729 770 634
202 258 353
110 331 278
653 855 243
559 583 16
785 877 412
420 424 192
56 144 599
373 379 284
893 933 900
423 559 295
490 783 49
925 998 827
588 657 406
632 650 637
354 413 212
181 278 531
907 993 194
477 616 42
944 962 741
885 928 279
154 838 12
162 188 320
80 189 413
242 335 867
119 342 37
241 788 58
282 856 65
250 402 46
135 412 110
384 637 92
30 856 17
468 531 347
603 659 123
869 956 706
495 769 263
682 883 266
471 496 848
878 882 723
255 964 83
312 799 74
490 765 287
311 369 791
499 855 223
559 609 747
889 958 125
329 617 78
69 129 913
365 654 186
643 807 167
132 265 32
286 508 25
41 49 355
330 577 35
590 867 22
759 879 430
462 606 298
96 406 176
435 859 25
117 274 147
165 336 474
122 367 166
519 643 108
166 171 904
174 523 122
189 296 609
94 239 61
159 233 838
224 284 406
75 693 37
447 572 217
741 854 439
8 145 77
710 740 926
18 760 50
465 569 364
525 597 556
34 467 159
121 331 9
660 895 39
643 695 777
407 512 356
529 546 770
10 114 744
86 237 43
427 893 73
138 558 198
356 725 122
506 585 954
806 833 422
666 784 11
955 986 496
805 915 636
295 346 976
721 836 555
224 440 276
872 898 151
107 537 98
204 323 662
745 788 360
131 369 18
695 721 324
262 311 816
326 854 141
329 508 22
906 929 372
16 103 895
437 800 196
8 231 148
57 236 272
336 658 217
664 872 106
130 693 143
604 995 97
442 580 39
593 658 173
246 344 646
175 469 56
614 659 727
115 249 413
114 134 267
72 150 875
730 991 143
471 771 204
118 686 13
182 429 86
815 957 417
125 199 766
150 171 727
189 571 57
370 397 828
191 255 457
171 589 184
797 917 293
245 392 539
32 447 178
365 779 59
252 419 349
660 868 231
371 441 78
450 999 70
555 797 239
224 836 136
378 550 81
145 868 63
143 718 142
662 818 325
536 930 95
545 577 703
365 950 43
434 461 446
406 483 654
745 859 638
358 375 79
483 617 53
137 526 160
488 944 46
12 124 438
477 512 997
160 352 36
869 995 342
906 966 268
730 785 725
512 524 627
149 316 267
943 987 228
446 896 23
226 570 130
226 346 306
571 632 864
12 85 453
187 192 684
227 444 53
327 621 132
21 731 79
346 406 130
683 939 52
72 106 464
526 615 620
264 319 988
300 850 3
109 308 310
276 346 525
927 938 575
330 465 305
28 619 13
884 936 868
765 840 327
450 550 319
62 160 787
147 474 110
59 668 56
164 221 687
840 939 233
180 772 36
615 666 782
927 938 270
254 359 774
747 759 216
262 346 536
625 710 379
82 152 665
133 186 205
275 658 57
414 469 211
114 215 119
70 142 529
800 832 798
113 687 37
53 508 1
482 494 639
719 773 429
101 766 18
17 508 115
460 663 34
324 345 596
730 951 107
463 764 223
503 791 17
644 842 305
595 700 159
786 846 97
188 306 472
764 887 547
605 697 899
237 421 324
256 755 79
736 748 338
549 994 77
849 945 278
420 498 540
444 707 74
342 635 184
585 970 127
260 724 167
127 204 984
189 205 47
655 827 434
67 288 297
230 263 793
320 345 477
566 616 621
715 795 351
616 810 20
117 253 226
754 790 383
255 673 28
179 190 748
569 985 188
347 351 738
114 148 346
50 500 64
531 621 376
274 339 269
220 865 24
349 859 145
232 613 89
260 527 137
229 686 57
176 182 536
515 529 962
297 470 254
137 851 74
827 895 665
819 831 956
114 256 506
844 968 582
329 440 365
564 834 269
6 236 169
381 446 402
30 152 629
268 291 263
302 400 234
132 143 658
717 843 448
47 890 41
202 247 930
537 810 216
154 501 11
349 727 61
389 457 748
377 454 32
619 741 63
719 743 798
299 337 704
844 929 760
788 917 262
570 828 159
167 175 469
717 800 391
825 905 371
609 797 213
249 293 342
40 135 674
363 455 832
185 804 47
345 426 761
304 880 75
356 478 517
488 988 125
182 306 202
894 949 998
2 981 65
181 223 388
681 889 43
4 133 7
609 684 687
795 840 363
19 361 205
428 477 628
652 731 999
822 923 818
434 442 485
876 893 867
826 934 218
166 441 194
307 541 187
251 955 91
262 341 633
170 259 788
68 400 69
131 138 827
557 990 4
607 748 563
841 859 658
822 939 117
81 127 471
467 549 287
667 761 673
343 587 273
301 330 447
479 502 515
499 839 87
812 936 360
765 881 560
267 370 66
253 284 121
39 116 582
668 731 113
222 264 741
120 221 342
133 434 252
14 166 545
102 362 293
340 397 135
730 806 815
448 488 718
499 515 799
57 324 93
100 506 193
417 462 465
137 643 120
603 730 306
569 853 113
557 783 290
46 122 496
264 768 84
866 955 894
966 983 418
118 624 19
89 152 203
319 728 185
597 662 410
397 458 808
681 758 6
265 923 42
461 496 150
90 240 180
550 634 941
675 808 1
35 61 339
137 220 558
217 400 386
232 677 139
883 978 228
52 760 67
160 303 84
799 993 51
198 319 618
693 780 942
581 689 173
338 586 84
716 943 39
761 906 89
835 920 420
488 772 12
571 939 86
165 242 784
549 713 115
445 460 161
187 304 3
953 986 107
489 948 36
147 177 624
236 536 151
655 730 220
322 353 68
338 436 537
632 849 358
463 509 722
258 341 804
783 867 202
509 831 127
250 395 305
787 842 113
253 622 61
206 293 127
850 857 27
840 975 230
712 924 348
567 693 200
780 849 364
138 194 357
451 478 611
629 949 182
340 938 133
555 664 490
811 993 104
700 874 34
911 989 463
44 780 77
810 972 501
291 383 430
358 385 843
835 965 14
846 907 650
537 608 530
119 259 34
346 749 36
31 62 886
28 141 565
59 201 252
401 555 3
421 550 488
538 578 88
62 131 558
422 479 163
754 809 627
460 729 53
496 600 478
738 827 648
704 832 308
59 73 808
329 357 746
595 611 927
935 948 663
525 693 465
48 61 948
724 836 339
790 857 17
792 879 418
274 282 415
96 312 323
43 149 410
423 469 144
496 545 152
141 482 27
748 907 252
550 611 667
588 708 293
386 516 18
31 278 102
326 658 8
122 637 28
547 604 146
749 908 387
569 610 844
397 430 933
19 41 286
397 421 652
338 461 146
155 301 154
491 588 512
83 342 273
578 659 56
591 695 583
355 427 543
657 882 370
46 272 124
208 400 58
669 974 218
561 961 54
621 714 502
760 883 114
743 949 356
523 714 20
622 742 157
322 940 134
616 757 232
848 919 135
342 420 565
298 375 806
162 408 184
508 914 187
613 751 339
234 512 57
155 473 250
215 221 66
147 376 78
455 856 72
153 417 240
140 313 201
55 224 418
672 769 599
536 601 498
524 689 52
5 138 252
146 471 217
773 898 84
887 963 150
691 805 425
217 233 980
202 565 109
438 503 306
473 666 362
34 267 320
32 585 16
936 979 724
117 172 284
447 922 47
174 216 772
239 366 641
162 228 190
15 24 665
132 844 24
84 144 462
745 771 182
351 524 293
590 699 758
550 712 221
467 802 200
23 551 90
531 623 498
440 457 378
222 231 659
632 765 453
929 999 828
259 651 158
584 836 7
733 780 913
237 974 35
358 483 332
326 341 640
50 545 38
656 831 274
273 372 518
969 988 875
512 649 480
300 931 16
840 968 650
483 505 121
491 526 941
874 928 50
300 441 136
78 373 120
370 658 203
333 382 632
23 299 85
20 303 209
288 349 252
49 933 33
53 944 93
203 326 490
958 961 156
89 533 100
869 877 394
119 141 749
454 968 29
582 906 186
99 196 381
481 488 403
71 152 9
438 587 467
780 906 466
281 466 174
31 234 351
826 834 366
696 712 393
420 501 981
467 807 99
480 620 12
209 463 123
253 683 112
633 684 324
67 365 74
765 907 140
246 433 424
219 418 193
52 216 217
271 388 238
202 287 70
349 465 359
776 789 977
827 843 306
439 567 431
4 272 187
127 677 133
487 582 446
389 526 393
782 835 706
662 919 234
541 593 114
315 318 818
605 629 304
72 725 53
252 509 30
616 665 90
81 105 320
569 672 237
320 650 241
467 978 29
27 338 238
445 651 145
540 822 108
56 879 35
428 641 287
46 399 183
356 460 405
763 841 163
418 875 13
678 963 86
275 946 26
860 883 751
677 920 318
560 567 437
339 404 761
815 842 236
302 347 175
405 549 325
498 562 571
711 753 327
678 845 57
443 476 236
72 233 358
642 797 176
820 886 204
469 597 649
54 155 98
270 581 79
172 926 21
429 601 355
214 271 296
487 641 239
938 947 224
418 682 33
123 366 323
760 818 7
306 525 56
626 860 39
577 732 317
644 749 175
514 595 304
75 185 20
737 943 43
824 880 840
679 801 326
116 803 12
245 668 169
209 256 652
83 89 988
339 447 418
471 667 241
754 806 900
32 213 165
274 468 395
799 916 172
354 451 89
9 747 70
41 105 867
138 435 201
252 282 554
127 650 18
426 629 110
535 608 6
193 485 231
622 709 882
136 666 21
618 694 602
486 609 579
17 732 18
262 809 109
167 235 5
552 580 957
277 545 110
918 941 305
118 156 597
597 676 535
628 716 49
336 644 267
843 860 121
869 948 985
291 696 93
195 546 5
514 645 367
57 442 210
71 257 200
518 588 658
177 642 11
508 572 176
107 544 99
776 796 122
976 996 74
19 390 60
253 757 103
242 486 326
194 418 217
465 475 147
280 333 757
585 615 135
182 469 188
384 713 245
297 329 381
363 401 254
180 455 102
53 323 64
237 711 132
914 984 676
571 583 119
657 778 645
167 253 303
191 382 391
872 946 5
835 931 839
348 486 309
248 719 150
45 67 69
300 604 245
91 233 489
785 801 78
9 107 824
23 231 8
25 175 229
330 863 99
902 938 1
362 799 190
341 347 763
230 323 201
839 900 834
628 887 145
493 701 137
945 961 698
763 819 102
84 207 566
208 529 225
652 885 312
28 166 434
209 314 339
634 676 662
286 389 416
847 971 360
69 105 426
853 878 408
171 185 425
37 427 43
266 427 306
540 645 415
764 798 445
487 507 53
697 816 619
811 882 138
14 402 92
93 198 38
198 220 264
271 516 56
823 952 627
349 834 30
264 275 350
463 640 141
766 888 563
79 139 740
623 650 818
261 340 777
182 348 70
283 682 74
121 293 428
537 681 174
88 734 103
353 518 28
754 759 382
419 630 331
170 750 102
130 238 541
548 583 162
758 872 725
116 274 134
24 195 278
209 308 405
546 570 175
268 683 149
332 510 451
266 596 221
355 507 433
693 809 222
84 910 87
581 592 632
759 935 336
513 565 11
511 693 109
128 457 84
469 548 124
508 529 1000
141 502 226
485 517 837
273 289 652
141 554 6
519 672 371
20 943 39
491 494 40
187 255 334
432 485 875
431 548 395
46 749 22
786 946 233
341 433 186
391 535 77
358 428 121
14 154 144
383 463 210
121 131 311
109 220 551
407 420 398
531 583 938
781 959 315
699 917 112
722 807 916
291 887 6
472 703 156
509 531 775
671 757 758
443 463 451
71 96 363
218 457 157
423 986 18
180 531 236
588 918 162
330 737 96
362 487 450
499 651 530
737 789 369
218 531 138
329 815 111
553 805 63
187 898 8
250 288 665
723 848 297
208 707 120
258 363 46
773 915 579
152 279 467
262 306 24
885 916 88
31 226 100
123 373 44
279 288 526
225 407 398
418 474 258
212 512 45
315 869 51
344 937 104
464 616 412
714 829 694
347 637 71
447 859 8
464 523 306
65 254 316
829 867 747
751 875 610
328 765 144
531 663 417
332 423 866
826 913 274
28 40 805
270 636 205
611 680 833
880 898 82
94 678 21
629 646 344
173 219 501
261 532 108
512 578 584
196 245 304
560 631 139
358 462 269
383 434 787
417 610 228
501 732 150
710 753 41
705 737 424
937 977 728
500 861 185
466 857 90
82 100 791
304 698 189
307 593 214
58 181 570
878 904 416
779 870 252
401 624 216
720 769 353
536 543 434
482 702 241
79 290 192
168 181 897
351 498 24
42 310 263
505 535 914
103 353 101
447 499 279
786 865 940
802 817 911
254 372 505
83 120 341
482 672 109
240 833 103
349 743 36
202 759 39
262 854 37
476 486 492
548 604 928
618 762 73
656 711 455
715 801 16
88 173 88
953 964 363
773 910 422
41 71 717
68 199 160
564 865 122
227 317 487
381 560 181
505 590 207
527 635 225
38 259 371
283 449 468
300 353 95
91 181 558
323 461 32
199 288 564
633 699 539
694 707 737
195 225 640
420 624 73
455 514 959
892 945 56
654 684 635
245 444 139
335 546 74
790 876 785
602 753 159
82 221 47
149 328 399
236 281 935
490 973 74
42 276 222
67 382 52
567 706 51
130 617 106
487 753 213
944 962 26
875 958 525
181 314 225
55 886 100
816 953 393
103 222 654
157 765 13
310 357 649
769 803 227
316 500 445
377 467 406
330 588 43
464 477 825
515 719 109
82 711 83
5 115 192
723 925 362
157 894 2
198 988 73
628 754 318
610 627 796
147 186 627
676 683 601
237 380 100
674 951 106
693 979 173
315 529 58
293 372 841
769 827 950
680 723 419
393 471 639
715 823 624
214 409 155
251 394 522
428 444 893
369 648 95
213 989 12
168 247 405
305 773 57
7 97 25
423 458 483
235 591 167
401 924 33
124 350 357
738 875 348
370 460 268
8 576 43
449 500 501
654 760 567
780 849 842
455 507 77
183 300 404
46 352 80
357 687 202
554 639 350
542 619 531
651 760 622
368 524 377
154 687 55
703 841 72
244 672 68
668 825 216
186 210 894
478 564 966
689 907 95
506 870 5
749 888 408
775 986 120
679 960 260
737 778 650
483 497 585
25 96 823
770 956 74
542 635 213
323 333 470
479 879 109
707 718 612
521 607 189
826 907 618
77 205 370
165 273 489
165 917 42
799 892 716
33 82 876
695 704 898
173 205 751
368 512 301
194 212 694
572 585 903
532 703 255
159 934 12
59 131 640
786 834 824
920 935 495
42 792 72
598 872 131
525 591 174
132 754 120
299 630 78
215 647 33
735 924 160
984 989 684
374 424 379
635 804 165
878 892 478
79 190 195
359 563 93
901 992 679
130 260 479
178 347 339
108 645 14
347 457 281
492 626 366
357 430 471
652 953 259
472 534 104
232 277 383
35 104 306
105 284 191
955 987 618
485 852 120
95 185 45
223 976 62
870 898 9
589 709 363
451 904 103
751 981 308
68 687 81
91 210 538
292 921 61
4 938 19
649 733 621
521 739 52
195 274 263
542 575 350
659 674 530
402 428 631
739 817 79
460 973 62
261 533 60
554 627 354
64 222 249
344 410 136
284 615 119
5 325 9
431 507 501
749 932 383
30 189 107
442 510 257
638 686 785
2 905 80
494 602 163
522 537 474
271 798 58
278 518 271
223 388 202
255 374 348
379 454 177
594 671 184
868 946 904
450 471 872
412 597 345
807 985 277
209 259 910
80 160 520
295 341 486
130 382 322
704 731 780
58 267 344
526 623 606
655 793 457
313 376 837
687 937 296
869 944 267
516 653 421
119 353 46
35 721 17
327 541 152
762 949 334
575 962 171
402 479 475
542 800 62
167 472 3
191 305 279
217 539 152
711 823 624
209 974 40
405 512 632
827 904 873
117 557 114
694 753 659
645 855 390
248 721 75
336 358 969
218 980 6
287 898 110
680 710 668
664 747 73
96 552 82
763 989 172
814 875 443
551 860 199
426 730 197
513 726 343
797 876 805
98 641 21
455 517 662
203 224 31
164 321 31
609 781 152
373 617 22
777 787 257
516 622 782
376 615 61
551 675 480
158 760 18
585 819 53
193 236 831
519 723 57
107 699 5
184 543 212
282 481 390
353 373 991
48 506 93
551 675 638
343 411 35
134 258 308
283 996 4
533 613 142
147 200 159
335 789 1
167 217 103
91 190 746
681 987 122
317 657 175
857 968 269
16 959 15
499 703 272
292 383 511
840 930 891
302 634 73
613 931 131
583 603 933
565 866 185
776 897 552
496 687 60
803 870 13
173 326 84
818 989 166
622 763 68
561 803 157
100 960 59
94 149 413
291 698 21
633 689 539
639 953 117
593 680 237
368 517 70
881 927 445
571 704 451
826 872 816
113 251 493
146 573 2
915 998 70
583 654 116
732 779 969
858 940 758
717 909 195
185 362 19
326 377 499
69 130 8
642 646 681
529 758 246
836 966 103
364 928 133
343 869 113
91 289 375
642 961 83
747 862 724
240 252 606
185 273 787
470 636 79
646 677 97
273 361 73
978 998 185
735 764 228
533 601 67
741 783 913
307 338 934
73 386 182
160 198 643
685 830 353
946 990 232
608 702 230
20 495 66
819 849 417
333 339 896
748 770 475
297 672 2
812 860 834
8 100 566
496 579 865
144 908 38
54 505 119
757 833 394
842 871 224
178 189 141
619 880 82
154 793 68
358 621 125
466 953 83
802 835 103
373 522 488
932 955 840
838 920 328
766 826 373
744 785 453
784 797 852
378 430 56
40 659 45
220 241 984
469 570 300
46 780 49
959 992 325
737 769 328
578 734 364
851 867 34
773 847 656
437 565 138
857 965 28
150 754 93
197 341 528
95 217 412
568 967 19
214 382 416
682 685 681
665 720 853
215 492 169
578 819 76
677 796 279
133 697 24
791 800 256
217 445 245
319 809 8
283 350 64
909 973 914
604 705 550
66 152 136
433 503 443
708 799 607
91 919 41
716 774 586
717 833 547
776 888 16
506 556 259
335 563 11
642 737 511
384 488 299
284 392 81
822 874 852
487 649 481
638 746 590
223 305 659
674 856 37
835 871 597
503 582 197
329 634 160
561 752 331
201 238 463
285 816 18
132 659 45
280 347 20
544 868 155
381 528 421
262 381 177
780 796 561
225 410 11
83 242 275
282 379 103
28 114 397
69 597 62
778 844 780
648 669 326
276 333 275
106 302 136
194 887 46
552 573 906
694 738 932
263 777 25
269 544 269
328 404 412
99 115 240
827 916 441
372 660 247
185 319 408
330 610 236
253 387 420
202 581 17
522 641 449
236 535 163
286 528 321
142 622 138
277 581 98
86 342 128
559 810 102
129 885 36
51 126 407
155 171 803
884 907 279
581 635 244
217 528 147
303 399 556
173 206 283
691 700 701
129 949 67
295 398 264
121 166 662
235 871 26
239 486 244
158 304 255
166 401 238
271 275 161
441 761 147
205 556 131
379 600 362
305 387 691
148 359 373
503 801 152
76 132 30
318 455 160
197 815 47
684 709 885
529 532 201
429 519 906
601 741 196
862 945 370
220 690 54
319 331 609
23 179 260
270 931 103
314 438 510
639 694 42
757 872 592
97 297 51
42 364 100
99 140 295
539 562 53
129 555 55
916 927 306
343 444 158
423 795 138
299 303 622
541 958 108
7 85 955
179 354 377
229 694 142
692 775 646
514 612 492
277 434 256
504 523 600
743 766 428
440 837 29
360 394 566
547 569 783
299 317 380
486 677 127
510 755 130
597 640 284
139 450 98
452 479 925
565 639 228
183 520 225
903 923 599
807 831 95
449 671 273
469 584 434
46 104 785
504 606 108
283 597 66
38 648 5
558 668 555
193 256 45
53 457 168
969 984 154
24 471 174
80 120 381
152 233 225
678 938 318
46 57 131
143 207 755
438 482 405
152 306 441
447 570 416
41 179 416
89 94 359
88 96 158
533 680 344
46 363 219
68 285 147
405 554 107
744 814 726
208 330 596
26 116 44
253 568 82
462 604 405
730 928 409
769 981 310
760 919 387
156 212 119
721 949 119
262 301 846
160 851 26
153 250 111
192 315 594
42 455 57
761 861 595
215 331 99
231 345 328
693 810 708
649 795 417
300 338 59
818 841 575
519 717 390
875 901 26
605 932 174
178 350 210
296 875 123
316 370 487
168 384 309
529 640 444
30 494 164
574 581 867
444 704 292
524 548 701
502 836 46
346 454 764
952 994 595
268 318 168
193 305 671
160 377 304
899 956 914
190 442 217
659 772 188
516 955 163
331 640 121
465 648 449
408 802 164
54 108 213
467 529 574
424 661 224
669 776 616
555 699 293
440 466 103
463 692 81
305 602 75
211 555 145
389 670 292
460 570 192
799 983 111
776 834 128
687 760 425
14 168 377
694 748 791
579 636 178
602 841 160
438 641 300
447 549 240
464 543 735
440 635 330
182 424 203
175 485 112
371 639 219
711 913 196
17 411 65
334 820 18
757 834 52
439 783 198
415 441 793
408 462 52
746 812 882
685 733 945
126 165 878
219 464 328
909 944 775
604 728 422
472 482 76
558 606 853
410 579 452
196 254 427
947 997 61
527 530 701
10 383 1
202 869 80
463 731 229
924 977 261
57 97 378
425 773 55
490 726 252
455 600 438
626 682 159
641 753 261
76 116 295
146 253 719
103 155 369
544 557 72
234 240 250
69 988 19
807 963 15
81 268 64
137 343 14
442 507 755
145 754 84
280 292 781
631 656 555
577 718 259
225 983 71
250 535 76
104 447 144
694 791 84
553 700 400
197 502 213
26 506 60
512 876 71
938 985 557
202 319 353
128 313 276
646 763 710
208 378 54
305 308 752
459 722 246
221 321 68
155 248 399
222 377 239
246 290 681
460 548 491
443 478 226
40 326 281
649 700 875
723 786 600
12 69 178
514 530 936
444 716 46
806 909 740
541 671 555
171 707 136
798 822 813
143 287 421
187 201 810
449 801 224
554 648 270
192 535 2
792 871 657
8 20 381
222 828 29
616 773 497
231 354 134
421 431 633
468 980 144
547 561 452
268 543 181
514 606 287
262 293 746
859 875 838
301 355 301
312 480 173
794 942 544
46 61 307
891 973 870
598 630 947
577 592 510
791 974 237
706 987 142
870 927 581
77 169 240
394 483 753
253 731 151
225 500 240
473 542 757
459 599 215
688 759 821
784 916 555
834 931 540
652 682 728
84 150 689
466 509 730
158 208 391
186 211 578
22 722 114
51 284 150
575 899 239
382 500 100
557 597 820
627 715 726
81 120 300
564 603 820
772 791 765
659 803 255
86 407 114
670 786 72
725 957 331
2 579 79
251 432 210
357 650 173
710 992 114
675 827 295
791 851 825
467 476 233
727 776 375
386 413 324
357 914 11
624 643 525
750 865 433
780 958 440
779 929 491
440 504 221
29 615 18
472 562 576
664 719 836
28 933 55
356 420 622
178 285 390
109 133 113
383 451 821
473 941 149
729 752 338
610 660 796
389 413 790
30 192 453
157 270 612
257 908 43
235 256 203
584 736 68
14 167 233
744 852 531
496 665 215
259 411 455
131 135 260
140 277 84
233 513 127
349 823 20
644 749 518
196 953 21
453 986 122
768 811 233
627 633 383
537 574 849
112 236 64
697 834 10
872 992 98
535 580 847
524 527 89
605 681 818
398 429 929
405 726 47
697 927 328
91 176 27
557 678 188
351 643 260
26 61 879
235 300 743
173 428 199
683 831 82
270 383 731
771 888 546
444 585 541
132 208 368
581 693 188
293 507 358
754 815 537
656 740 48
697 743 614
463 512 751
384 493 80
16 34 775
372 593 99
425 604 340
127 253 144
867 992 581
52 311 279
620 778 204
159 509 230
505 761 190
414 534 665
441 762 62
333 398 676
348 569 279
147 251 498
151 168 516
614 689 229
255 427 349
126 286 210
883 898 596
723 884 331
115 418 205
293 990 61
390 496 505
70 103 865
278 297 313
68 111 461
76 209 564
706 959 228
756 797 120
715 736 744
833 901 439
279 332 472
939 985 425
917 942 679
825 844 273
70 114 578
50 131 133
107 201 553
902 976 249
569 625 904
394 551 259
66 390 228
18 91 895
845 883 360
16 277 209
410 856 144
47 169 366
715 785 483
755 863 455
404 551 36
139 195 221
323 891 101
518 734 278
313 824 131
206 297 616
431 570 378
448 593 236
5 478 151
692 914 223
528 542 736
639 720 43
63 80 88
247 305 668
830 908 304
382 430 479
410 496 838
367 417 544
54 169 1
694 883 351
764 900 288
580 716 211
13 232 252
551 678 623
590 983 41
71 477 168
859 906 494
25 684 99
149 249 262
475 885 7
331 387 983
174 419 311
359 569 251
201 872 107
419 548 186
269 421 134
394 533 268
251 254 649
316 446 117
452 629 315
438 650 320
240 583 32
530 995 169
402 527 39
503 988 160
260 350 849
631 749 370
629 928 37
269 280 160
328 454 178
572 675 341
201 258 884
377 428 856
809 893 228
170 338 203
105 193 44
247 528 89
124 213 4
677 963 92
450 540 128
293 368 292
270 570 66
163 477 92
372 514 166
368 418 1000
920 978 855
468 627 425
751 896 370
234 732 140
440 662 246
385 412 128
402 591 148
777 836 122
480 483 291
274 333 312
463 547 745
400 410 438
591 655 630
826 842 151
249 785 51
164 176 667
228 311 349
91 587 105
544 686 43
625 858 242
883 906 213
710 736 796
201 222 624
83 93 552
961 999 135
154 318 236
552 947 128
769 813 836
388 492 153
565 594 856
682 695 464
857 901 61
600 620 247
392 449 380
470 490 512
372 397 300
794 923 625
473 487 714
102 569 38
477 521 460
836 924 137
481 518 696
621 760 294
155 322 231
366 531 443
408 734 196
192 577 90
782 800 851
439 528 100
285 436 250
357 737 109
779 877 388
137 186 340
408 542 131
337 371 798
693 696 153
630 689 572
719 738 308
436 696 201
198 780 79
566 638 371
502 583 854
285 319 862
39 466 23
32 533 76
22 285 274
602 660 337
295 406 361
884 932 807
180 191 106
270 299 103
851 878 275
565 671 724
296 317 410
768 899 535
41 123 244
374 455 835
723 782 140
38 209 346
61 260 385
5 375 197
228 462 315
279 289 721
101 355 167
155 193 760
628 756 488
397 460 585
751 876 545
662 699 509
64 874 66
62 297 301
504 582 144
362 834 108
478 564 299
385 550 193
630 789 318
567 572 178
615 891 68
526 578 509
238 288 898
729 776 710
132 143 757
369 717 140
936 944 365
378 386 884
686 754 407
819 860 910
463 819 94
124 357 187
275 330 799
145 332 312
863 886 51
588 792 138
74 305 193
29 123 350
840 1000 95
93 463 96
687 775 372
772 941 68
358 405 633
771 886 177
747 831 214
280 468 224
293 318 261
824 933 561
523 977 28
561 757 125
835 850 205
168 342 201
931 998 899
434 482 161
513 863 171
289 401 116
361 800 15
387 474 63
169 320 448
199 335 161
806 873 955
658 696 162
913 932 495
418 520 377
472 627 505
683 772 292
757 950 149
449 501 393
96 246 74
241 888 33
437 770 165
499 587 531
478 509 171
12 128 215
594 629 965
272 308 387
608 635 23
183 369 169
636 689 947
300 352 459
113 773 103
482 596 101
322 606 164
294 334 185
143 228 765
511 527 550
82 788 87
223 322 498
420 444 658
165 171 902
356 823 156
617 650 798
750 804 737
812 973 90
443 461 158
108 156 796
390 476 799
247 331 135
451 521 884
191 202 547
519 896 120
699 827 394
3 369 45
252 291 756
193 271 535
236 288 558
299 376 147
67 126 40
329 512 29
282 351 263
281 290 370
57 575 50
27 960 30
3 17 199
517 582 334
483 656 193
236 773 92
357 449 850
477 523 244
75 309 150
445 505 261
538 635 644
401 424 291
411 986 107
475 546 144
591 731 134
592 638 695
613 932 66
176 781 82
771 979 198
468 494 16
701 823 313
194 247 936
674 914 82
63 153 656
538 625 37
770 970 139
366 516 44
50 188 479
232 913 34
626 669 701
231 582 55
366 507 358
163 244 995
97 201 464
171 214 982
261 392 623
641 711 699
767 968 396
838 882 662
217 230 147
670 765 344
32 46 722
147 216 45
584 633 66
754 836 862
391 444 922
159 179 98
439 846 124
32 40 762
99 632 95
801 983 409
558 620 693
235 641 138
913 978 249
345 730 12
641 705 213
127 130 622
267 527 96
453 525 116
832 878 115
299 307 282
644 770 35
154 239 47
806 812 112
578 781 366
561 612 715
284 358 243
299 505 126
475 547 834
29 125 269
266 324 21
165 264 779
814 913 740
243 334 798
697 748 22
132 206 958
4 631 65
283 430 555
130 142 969
123 132 379
726 992 6
49 151 239
456 532 483
497 521 992
576 908 31
172 216 119
84 348 174
257 466 9
200 206 384
502 555 322
745 897 348
799 962 89
136 220 601
921 1000 937
834 846 718
125 266 79
19 48 847
62 105 375
387 557 161
760 897 396
28 403 66
638 664 424
832 995 180
106 307 81
742 849 35
103 377 13
173 363 364
497 865 11
530 675 63
258 698 44
118 187 355
482 563 803
11 43 452
400 439 693
127 294 282
789 999 209
87 214 355
370 503 621
822 903 727
518 563 631
448 543 383
378 715 46
105 164 32
152 421 63
369 377 50
256 378 370
459 534 170
937 973 870
735 990 304
212 269 801
336 706 52
142 212 279
513 539 176
481 562 716
701 817 261
825 966 49
376 532 232
132 259 173
363 527 259
177 526 210
767 930 379
641 646 15
446 963 116
824 942 603
261 315 404
29 175 430
530 534 419
514 739 321
145 469 161
14 154 427
195 306 142
782 805 178
619 799 27
446 520 194
562 640 387
424 777 209
628 673 742
492 687 128
201 239 85
330 570 194
754 882 261
282 549 221
392 414 86
47 692 42
487 878 51
292 1000 6
355 533 373
480 676 251
145 351 287
246 537 173
147 167 483
373 910 139
337 984 25
175 181 651
768 792 60
526 938 81
451 569 435
36 74 991
829 834 146
39 119 160
566 676 386
195 203 755
300 928 112
578 692 400
292 805 117
654 853 7
25 194 410
527 998 72
899 948 308
567 666 425
423 501 829
197 533 111
166 253 757
276 690 164
479 796 84
221 435 91
278 367 764
382 962 131
58 270 75
188 880 13
716 828 317
58 172 127
745 882 291
182 350 259
819 847 548
186 379 5
231 630 106
104 724 24
826 874 786
64 118 880
393 725 242
463 721 195
438 446 664
467 474 521
570 644 615
251 598 229
620 948 4
719 813 451
859 899 117
465 834 133
926 957 23
253 274 940
175 339 355
683 710 877
652 711 523
576 640 132
476 517 871
540 786 322
531 789 211
225 446 196
875 971 660
352 727 43
74 601 69
423 438 541
206 268 928
140 182 208
467 567 342
193 521 144
649 757 603
288 404 547
40 379 192
539 557 160
139 218 676
780 864 672
101 782 11
805 953 218
149 270 136
81 210 167
337 533 407
798 839 221
599 802 83
278 373 129
455 588 8
130 185 952
658 721 630
873 965 168
859 870 187
170 950 9
396 434 815
465 495 525
442 727 132
749 837 796
419 555 16
173 290 119
337 620 283
370 553 284
47 174 618
209 762 105
172 614 160
77 824 47
484 927 130
316 505 140
559 769 110
5 99 577
196 463 34
294 404 219
783 914 436
146 273 427
231 446 42
133 431 105
849 938 584
82 996 21
444 521 696
139 532 139
511 551 682
489 692 396
22 252 41
704 835 194
275 434 17
899 924 224
530 533 479
473 634 428
380 509 242
129 383 242
43 109 86
742 813 520
610 794 394
85 381 53
55 852 10
106 848 62
976 991 290
679 763 591
119 136 766
635 660 716
257 386 107
455 468 949
69 198 220
403 526 415
6 372 145
388 999 73
777 810 360
543 659 156
189 355 401
745 753 223
415 946 64
751 852 338
257 748 60
486 995 59
223 310 353
196 203 454
265 317 459
132 191 960
138 360 53
595 677 25
525 744 42
348 450 172
531 646 652
188 409 319
704 858 425
672 812 193
334 492 501
65 84 93
516 589 419
256 313 668
229 267 20
233 311 89
36 177 508
15 898 36
689 738 842
300 395 830
670 825 380
73 140 116
870 941 47
205 237 746
411 648 258
539 571 150
221 263 835
16 173 45
751 945 102
742 834 472
742 956 157
551 635 55
918 922 683
820 920 241
811 852 229
651 839 30
201 223 276
519 856 157
610 774 404
875 921 767
438 878 160
461 577 309
161 297 104
189 209 732
466 581 163
276 292 874
384 454 224
560 704 353
731 754 820
224 275 38
101 156 40
439 819 74
577 803 183
172 332 26
676 767 96
469 674 14
117 219 521
312 720 87
99 182 459
153 270 460
172 719 18
21 71 544
888 947 833
86 272 187
684 696 437
43 125 869
221 382 9
239 716 164
296 343 559
208 301 729
361 514 52
316 456 37
765 869 602
675 694 499
427 787 66
32 205 257
110 551 131
562 724 161
149 759 84
950 973 487
723 818 362
459 840 187
98 138 829
463 486 260
609 733 202
185 256 627
411 667 25
373 442 999
541 930 173
751 822 337
457 1000 124
472 633 399
39 142 205
441 552 30
694 860 69
299 471 168
287 694 192
863 904 126
872 886 854
649 800 70
290 998 41
839 975 117
634 668 298
731 923 419
644 754 206
511 596 275
3 203 348
593 629 953
116 127 207
435 708 147
264 885 54
769 800 143
372 616 152
211 287 353
68 846 70
32 125 89
86 184 32
431 460 985
762 806 892
209 279 491
808 813 5
238 591 129
294 389 681
798 887 737
107 146 890
96 117 932
707 737 423
413 463 795
288 894 137
466 583 556
625 848 189
359 671 227
568 635 876
508 669 485
80 429 199
753 791 315
447 550 159
541 709 237
373 968 1
552 579 985
369 630 164
122 157 912
674 754 655
400 450 721
737 766 235
79 162 345
467 492 834
356 776 179
201 296 690
464 545 602
742 973 142
299 638 105
910 957 892
443 773 207
102 432 242
226 426 224
717 723 897
72 181 71
326 352 569
664 751 419
413 880 23
67 336 87
27 55 796
541 554 319
711 794 240
728 918 3
379 511 603
296 492 377
211 323 100
222 319 15
418 633 293
394 639 34
845 881 574
262 346 423
231 257 128
16 229 43
240 324 55
388 422 699
478 576 230
517 617 326
50 342 285
759 864 476
663 692 989
359 463 422
76 217 11
722 869 135
651 765 109
451 678 187
536 797 68
655 682 598
52 147 47
750 791 501
66 395 209
330 616 195
219 223 598
349 392 988
348 426 278
96 169 39
542 632 710
8 620 88
138 153 838
567 648 874
287 572 40
404 464 416
832 884 604
555 619 17
245 572 80
131 242 727
508 611 409
632 746 451
179 240 657
855 872 618
44 205 311
473 738 125
595 916 63
209 341 362
150 214 810
34 138 605
398 415 422
703 855 182
604 777 474
57 493 69
244 428 211
146 540 171
354 487 547
471 579 522
638 997 48
764 889 524
116 548 188
683 750 992
792 881 669
111 416 48
47 197 395
905 982 39
505 633 338
333 558 211
74 339 97
614 744 378
626 700 984
186 587 85
854 862 600
108 291 362
521 633 429
838 892 96
313 348 890
76 248 406
323 443 372
161 206 238
665 934 277
98 810 15
486 632 167
510 739 7
133 587 106
406 658 42
761 924 262
377 382 625
81 103 177
27 580 134
355 626 242
265 302 765
421 485 365
307 440 208
191 463 46
254 481 106
142 430 247
243 469 17
524 606 331
871 937 770
191 212 818
647 855 276
619 795 284
678 783 553
832 901 960
275 634 125
670 803 336
688 930 293
915 957 875
478 491 872
350 959 129
442 913 174
907 986 363
463 610 315
220 237 369
603 698 121
460 611 48
68 197 460
512 722 166
78 371 278
766 915 548
318 812 76
589 679 820
12 204 412
379 411 469
592 630 887
532 542 502
292 297 484
141 239 321
7 851 5
174 526 151
325 960 23
544 579 104
162 248 717
223 519 31
177 216 270
42 66 625
174 771 9
65 314 15
260 401 22
795 830 19
223 235 178
579 800 370
284 344 648
925 948 86
490 590 47
21 181 12
514 519 982
538 702 441
247 319 215
43 536 63
92 630 2
291 544 284
639 714 782
303 314 612
275 290 116
323 480 378
89 397 24
840 912 793
424 539 469
199 459 225
542 621 705
426 735 142
730 817 921
72 639 79
463 567 517
44 257 283
757 796 417
533 746 145
165 373 58
156 177 344
776 812 669
780 846 578
771 831 731
81 159 567
178 290 68
806 970 23
278 316 197
515 740 354
701 706 47
244 444 47
689 748 354
489 660 423
856 918 183
434 534 389
240 263 221
616 646 591
239 441 15
96 276 65
257 310 960
463 521 218
397 599 159
696 823 287
367 371 554
91 199 521
29 100 111
358 548 39
829 904 189
213 397 452
194 219 939
62 105 174
206 259 226
210 273 522
768 979 173
381 626 339
86 123 134
336 630 172
27 47 837
235 461 214
707 931 120
348 503 151
312 339 543
307 376 876
11 101 791
226 239 889
866 876 451
316 851 146
444 808 150
486 558 736
795 887 145
224 987 70
60 338 47
352 562 368
755 952 94
42 73 802
187 819 11
726 885 304
485 908 192
542 951 160
656 678 284
809 815 139
979 990 976
40 450 131
529 652 306
247 363 521
878 998 58
32 794 86
505 666 339
624 631 61
122 277 415
151 459 44
722 786 520
648 724 814
133 191 785
310 362 709
484 820 179
310 479 317
491 544 751
798 866 446
376 789 162
715 819 338
626 751 381
210 328 90
293 332 416
461 487 441
445 466 659
520 546 559
424 573 285
129 176 727
204 790 102
400 662 145
228 444 334
623 789 2
8 93 562
160 681 56
301 323 37
543 655 489
948 978 773
234 238 62
345 405 652
534 749 35
79 128 324
408 543 21
257 274 806
232 263 93
585 705 489
731 769 486
92 446 156
264 282 38
466 743 258
20 260 47
29 219 347
582 791 178
884 1000 390
356 376 147
263 756 97
67 239 36
534 999 167
535 552 720
159 385 47
834 905 197
169 566 145
118 643 48
519 535 598
430 519 187
39 380 14
172 561 42
216 450 288
784 892 12
197 237 351
669 708 946
781 843 201
803 955 393
507 653 450
300 355 464
612 621 45
266 579 115
324 748 113
627 631 326
348 635 78
196 306 578
373 857 66
560 659 93
598 677 769
20 52 217
823 982 255
197 808 92
350 384 581
761 861 733
42 62 881
226 229 600
353 450 409
283 478 118
240 434 6
430 676 296
638 644 455
960 980 998
398 411 895
782 789 227
153 923 64
132 341 298
32 875 57
280 501 284
121 268 506
30 58 270
904 922 704
420 486 258
289 731 123
761 841 917
672 738 315
588 816 334
180 264 950
591 626 717
64 869 43
371 769 173
347 840 151
98 102 682
545 647 159
170 613 139
106 169 989
195 219 620
494 751 129
734 759 285
430 531 473
327 568 66
292 312 787
260 263 381
616 777 405
78 372 167
900 940 825
153 311 228
404 469 796
94 399 146
287 451 469
601 706 281
107 532 144
61 119 976
380 490 366
299 313 208
313 777 129
65 77 303
704 794 815
113 193 316
496 720 307
309 457 396
660 759 641
1 33 266
830 896 64
103 371 43
116 890 71
351 809 65
535 758 372
440 519 399
586 655 712
353 502 7
518 553 861
248 304 907
387 461 39
439 553 529
527 752 153
572 692 269
667 736 509
228 404 139
195 252 76
527 625 455
230 337 156
561 592 769
640 867 209
738 907 390
56 332 91
439 466 908
100 265 32
788 949 137
550 567 813
86 332 278
628 765 393
828 903 179
43 72 655
182 600 119
677 730 884
397 461 550
543 568 228
698 705 347
739 874 453
409 459 233
132 167 112
101 219 590
540 644 136
885 929 703
848 944 539
5 60 90
117 262 518
16 224 143
428 502 968
357 503 313
563 609 515
191 367 148
444 599 110
542 743 351
179 374 340
400 888 8
443 527 297
173 265 674
288 518 46
254 301 646
537 729 228
210 353 180
284 538 32
251 523 107
355 420 928
546 680 422
780 890 249
204 241 519
280 305 103
783 889 523
281 373 213
46 896 41
383 572 47
422 637 145
410 897 24
230 311 567
376 467 656
335 815 137
139 411 227
588 920 250
233 261 714
433 500 852
257 388 536
33 232 321
579 593 180
940 997 434
451 474 562
332 382 625
813 891 473
238 322 429
242 311 744
17 81 428
360 645 38
715 805 39
444 517 784
769 791 422
172 229 609
2 261 284
210 315 411
262 406 508
273 381 714
82 184 173
210 864 9
205 288 602
340 828 114
116 332 68
69 129 497
123 162 217
650 771 102
331 547 214
79 191 701
301 717 12
255 768 43
299 379 653
938 942 860
122 246 182
732 743 630
667 731 40
286 355 958
118 355 165
457 561 776
146 496 67
863 911 398
206 493 213
435 693 278
630 719 482
83 93 406
524 550 968
193 337 493
400 476 671
120 612 139
674 702 394
206 419 364
217 579 17
199 239 941
404 420 259
678 686 545
153 192 532
170 209 655
560 648 285
897 908 918
427 584 150
726 829 608
770 894 511
750 895 299
3 31 705
534 601 642
860 885 44
677 825 145
141 253 494
628 743 249
445 662 219
194 245 119
132 247 400
527 611 10
245 587 85
399 703 11
882 892 854
684 737 748
138 435 13
688 779 671
434 659 69
108 405 108
213 518 120
162 269 304
182 237 755
190 352 21
950 994 582
247 361 231
922 980 217
291 331 251
83 366 65
580 652 102
729 896 147
23 413 25
418 528 691
242 563 187
890 896 874
658 724 863
293 598 226
47 429 204
695 790 628
916 952 9
621 749 635
341 448 691
579 661 608
64 106 279
490 858 38
533 638 679
176 251 948
73 461 80
236 612 129
280 407 526
40 294 207
208 238 84
251 478 36
62 675 23
220 246 697
111 230 241
429 524 827
467 646 92
255 299 358
221 293 809
306 485 68
855 941 270
19 325 15
53 134 452
698 806 444
482 842 92
775 803 681
555 563 585
162 251 717
361 861 88
252 342 726
78 324 274
443 576 469
595 783 195
400 617 332
204 692 22
364 487 387
576 680 707
50 111 242
115 370 256
428 453 933
557 599 414
861 952 356
379 453 916
106 850 103
562 636 716
110 289 188
274 333 884
11 58 483
396 414 279
846 968 141
264 973 58
240 260 5
863 932 339
97 200 592
62 596 134
245 601 68
338 349 804
69 86 705
3 73 830
495 866 157
909 993 638
582 863 56
128 143 436
734 869 543
231 721 25
697 810 443
782 879 152
911 977 832
114 140 968
53 134 372
447 980 36
354 550 148
532 638 255
641 728 275
104 873 19
391 620 349
377 569 400
207 256 862
520 722 241
681 702 175
469 539 177
921 957 508
702 739 90
595 713 52
574 806 262
549 646 196
533 863 138
515 615 662
298 595 244
268 415 540
600 759 81
926 993 152
228 999 101
221 509 221
856 913 464
104 148 399
260 823 103
790 939 230
306 319 969
297 697 193
811 983 324
333 561 27
8 70 974
753 771 446
188 228 475
17 46 900
18 137 647
898 966 873
477 745 306
506 540 389
774 781 14
946 984 830
161 185 465
198 280 517
118 142 495
413 438 454
516 611 549
329 611 186
444 557 465
283 995 73
467 497 96
682 689 204
674 812 247
246 328 862
4 617 104
6 623 27
455 495 693
278 387 207
283 434 353
101 490 180
238 271 525
464 696 149
251 779 126
226 391 377
412 581 479
266 634 172
275 294 56
843 989 503
586 752 182
460 817 186
176 578 100
407 607 324
561 622 985
107 172 51
155 301 25
14 128 601
874 965 191
578 587 70
513 576 220
235 377 296
757 822 284
55 148 496
626 867 265
283 334 104
353 537 77
149 165 364
206 264 36
343 359 314
819 885 309
526 568 49
304 359 328
198 909 86
460 670 261
583 769 350
345 407 758
337 526 38
666 887 92
765 818 745
86 339 289
575 662 753
612 707 855
421 602 418
624 715 86
644 746 647
333 445 485
704 924 256
376 932 79
58 98 456
17 43 267
797 847 402
340 361 293
858 952 519
399 406 874
714 753 64
597 655 21
129 888 30
731 734 308
214 317 794
471 771 60
557 595 743
23 89 570
687 739 812
269 304 906
304 707 171
872 943 416
371 397 312
419 457 322
697 708 983
34 319 72
311 552 15
155 344 258
170 199 401
315 355 593
866 956 485
442 554 710
439 884 48
297 734 108
78 162 741
153 316 376
812 872 398
745 807 954
665 715 234
383 665 155
98 110 185
33 678 47
355 452 485
805 830 215
250 727 21
734 755 109
349 659 189
611 678 926
784 799 641
343 789 36
801 975 350
311 663 10
631 669 529
553 608 289
239 359 243
15 195 77
648 946 73
11 59 391
73 222 557
456 628 448
693 971 80
409 522 31
724 816 837
403 464 774
226 742 103
418 467 107
692 740 942
36 183 182
1 163 462
893 903 974
7 49 447
406 684 76
60 403 133
959 986 869
325 390 367
257 364 411
137 247 485
809 848 66
413 417 974
760 821 55
548 574 767
417 454 559
169 241 655
394 480 896
738 884 159
742 814 98
172 187 609
425 719 202
198 203 487
35 841 80
63 150 823
595 981 195
504 885 191
611 737 414
276 318 928
387 626 45
698 882 200
20 180 32
196 378 87
167 490 34
495 526 962
321 355 45
330 413 206
581 856 156
892 965 239
411 610 366
61 312 103
698 757 697
683 860 120
382 398 280
370 454 452
34 159 442
548 601 238
386 979 8
146 230 541
402 617 120
332 526 346
11 129 352
207 232 863
380 431 375
308 705 109
578 638 728
184 893 52
303 458 49
535 582 940
209 423 265
356 758 89
77 309 327
822 929 352
147 704 22
678 819 49
24 350 158
516 547 534
400 519 603
166 181 619
76 607 33
529 607 26
100 178 432
324 513 343
593 726 34
308 437 644
182 375 265
136 601 77
809 991 455
674 877 111
488 701 220
851 867 48
50 262 253
100 422 31
611 996 187
195 487 233
565 598 556
351 524 387
303 377 34
479 674 292
803 974 421
216 251 485
170 310 146
518 990 140
898 963 636
187 449 164
458 573 14
258 493 73
511 915 84
198 410 8
565 740 390
747 885 481
615 960 113
563 840 101
58 901 18
366 416 632
261 396 334
38 324 126
316 934 110
107 110 223
706 830 608
662 865 56
168 511 4
923 937 163
325 335 954
72 150 971
163 344 137
358 415 167
593 670 380
702 730 340
293 319 876
764 970 376
545 605 133
558 957 187
332 684 236
894 988 356
330 338 518
152 172 534
515 534 770
59 107 154
361 393 305
499 698 293
663 797 27
225 425 369
435 531 7
499 609 251
361 723 167
285 998 44
352 397 601
298 393 807
219 687 8
501 570 423
574 808 59
698 719 697
840 929 89
333 541 364
528 753 38
638 802 176
155 503 177
556 862 24
681 864 244
18 485 42
382 541 394
490 503 631
370 475 635
777 786 705
462 518 703
144 354 195
50 144 44
305 381 813
253 288 415
564 674 736
108 326 354
616 707 702
332 697 43
303 827 29
66 244 228
78 230 535
804 915 673
725 776 159
680 808 520
348 383 74
767 851 262
165 246 254
406 962 18
194 938 84
331 426 523
329 577 128
515 595 430
176 252 872
518 826 245
602 640 396
808 876 784
425 514 574
35 965 7
232 412 303
800 992 258
54 374 39
456 569 30
241 332 756
753 863 382
417 986 70
846 922 69
739 958 66
83 233 239
872 980 28
374 711 233
849 967 58
172 313 54
359 529 442
416 927 74
337 498 353
137 821 106
145 315 271
225 512 203
322 577 75
920 945 84
412 594 67
276 492 237
316 493 63
289 327 535
110 124 562
272 912 35
194 204 944
497 608 726
206 256 87
53 179 554
79 667 139
91 101 399
240 262 280
503 640 81
725 735 630
549 748 76
827 881 953
653 673 369
735 828 577
55 101 200
861 931 664
308 472 375
542 770 153
505 724 109
544 928 113
518 628 30
844 884 334
503 529 1000
488 518 207
294 447 536
344 522 81
151 395 188
300 671 213
50 665 58
867 883 712
105 226 669
145 162 895
785 897 379
130 919 89
466 472 574
670 738 464
223 316 811
310 529 355
89 92 665
170 389 224
760 782 633
521 524 193
60 404 113
181 401 183
718 875 464
205 511 197
366 918 33
407 612 395
30 581 146
323 328 706
6 140 525
448 583 341
345 967 41
202 257 404
682 735 645
36 116 681
980 998 32
585 800 12
588 663 831
197 272 678
326 986 9
371 429 876
352 874 9
305 422 599
13 186 427
197 287 851
52 133 390
565 598 132
589 594 495
97 880 10
324 800 67
371 411 188
335 370 687
31 248 99
19 134 709
474 494 63
284 936 106
479 746 251
115 452 163
543 640 673
741 763 331
393 643 174
143 246 324
138 421 231
522 690 166
696 831 23
484 522 246
454 800 5
216 220 242
535 967 173
214 234 756
103 647 48
207 869 21
265 270 371
238 288 863
344 416 223
817 881 630
312 748 52
183 433 223
600 791 334
204 227 749
108 276 358
81 535 1
240 306 592
890 895 463
892 898 637
425 773 132
521 567 967
276 683 136
814 911 774
92 121 646
343 841 126
795 840 891
213 542 190
738 780 975
231 344 111
68 234 240
454 643 301
219 317 485
76 216 571
702 847 366
272 396 399
381 410 635
274 340 249
388 871 170
17 106 620
407 539 551
82 309 341
241 370 481
337 435 178
97 198 265
348 446 301
302 351 59
285 385 682
237 334 99
376 466 734
638 649 824
89 98 56
360 431 817
663 926 256
651 828 435
307 605 60
82 130 417
112 196 484
678 750 257
497 555 564
50 188 206
753 809 520
508 607 26
325 451 515
300 305 977
145 532 87
524 587 800
322 912 106
459 462 356
112 121 984
859 943 539
262 280 350
447 731 107
239 288 469
502 798 4
464 576 269
700 978 14
746 985 31
348 462 660
330 415 844
86 140 778
161 229 872
202 252 75
697 796 427
409 502 427
500 638 137
334 537 47
456 697 336
510 513 748
137 653 50
798 870 572
330 678 113
563 569 644
569 691 589
599 693 526
706 982 92
880 946 408
229 437 138
222 657 8
180 234 599
457 690 103
534 693 422
433 473 958
394 501 254
612 636 490
566 670 333
466 626 480
437 480 298
819 932 52
900 932 418
363 847 23
406 751 102
20 238 194
876 925 682
170 249 191
109 577 155
442 516 203
840 887 252
658 712 774
761 826 35
760 864 211
502 592 780
526 886 116
503 612 664
499 753 29
299 422 582
478 516 30
343 494 546
160 299 191
409 462 451
734 848 493
427 516 82
243 971 99
615 642 48
324 360 271
520 858 233
101 130 601
45 647 53
40 445 83
5 25 555
382 687 249
682 694 135
141 531 113
589 701 673
375 737 84
507 657 455
135 262 214
318 378 266
102 372 302
609 846 295
681 953 235
675 808 71
52 546 55
956 986 779
218 239 798
235 473 37
941 991 584
287 430 352
134 153 395
1 228 252
165 220 732
262 293 568
157 167 809
390 600 124
811 913 360
411 523 379
756 786 440
787 888 423
814 898 143
212 304 744
104 350 154
276 608 71
592 819 13
568 725 271
132 229 239
309 419 332
260 469 88
716 742 578
164 189 69
186 263 638
556 910 127
822 974 17
347 379 975
361 501 460
89 249 99
547 761 194
679 685 444
554 756 68
208 545 79
154 623 137
212 605 131
726 746 175
120 184 672
912 934 771
797 881 430
503 518 971
487 703 355
850 921 381
525 537 713
84 109 586
858 864 569
580 644 757
720 918 225
274 368 645
854 889 356
585 952 45
183 363 98
708 805 823
176 516 201
87 182 692
703 857 144
447 919 163
674 685 239
19 23 29
385 409 299
366 426 230
124 291 232
67 436 99
684 768 897
573 989 143
234 555 137
507 909 99
654 815 320
96 117 402
807 846 123
167 301 265
452 604 416
534 573 997
904 946 800
107 133 589
47 460 94
257 975 103
210 364 481
171 298 547
222 276 975
787 859 542
591 936 71
695 809 336
247 314 96
107 178 33
807 846 777
570 749 345
387 414 369
183 350 93
368 451 156
346 393 635
3 652 41
213 230 190
580 880 200
636 910 122
140 836 118
879 917 492
846 879 188
88 400 191
291 888 104
482 628 531
36 96 144
532 636 102
351 388 778
115 129 174
306 357 354
53 65 728
247 602 53
294 307 981
638 676 928
906 955 402
77 198 548
527 798 32
596 620 178
54 726 68
586 661 273
104 200 609
471 606 512
110 705 33
215 539 86
337 358 128
549 763 297
635 733 333
64 207 121
417 810 86
595 796 15
266 875 79
62 140 964
613 819 153
414 880 44
68 382 212
782 814 937
681 692 800
231 733 21
870 992 182
891 971 152
4 119 378
655 658 42
644 726 533
329 346 412
2 368 85
654 762 632
407 438 485
818 921 165
214 347 50
202 337 157
458 532 418
313 353 325
6 954 45
28 517 87
781 789 954
98 833 105
719 898 86
458 599 323
654 788 472
155 187 477
232 753 37
201 271 97
458 517 235
625 712 500
425 567 239
144 254 695
194 596 48
197 208 99
456 621 8
562 709 434
897 935 255
607 629 923
395 476 881
867 898 367
18 131 132
498 531 236
328 760 32
779 821 270
549 573 600
318 623 253
407 783 55
132 856 90
209 918 62
338 450 355
529 623 278
876 882 501
518 868 173
667 708 195
326 899 5
176 398 43
734 943 383
620 825 268
134 239 663
416 908 153
618 998 46
886 904 146
852 970 228
428 607 430
765 786 687
208 301 702
709 743 795
528 632 83
711 807 511
135 440 238
120 490 9
37 201 194
405 447 804
69 359 52
320 568 305
154 469 50
248 408 411
558 863 112
656 681 428
679 769 411
278 297 564
463 535 147
136 300 274
112 120 118
682 904 69
780 925 178
864 882 886
599 687 284
265 454 267
69 994 31
609 621 754
960 996 870
194 203 712
453 714 218
256 284 633
619 790 187
288 434 420
268 397 529
215 305 732
302 461 424
365 398 256
857 935 547
198 248 307
442 902 173
614 670 104
654 731 339
831 838 479
119 307 358
646 699 924
200 362 282
785 872 917
267 374 24
130 567 140
10 89 40
764 983 262
177 219 683
266 323 458
746 754 955
330 501 269
21 90 990
833 945 508
717 842 212
396 515 71
454 560 531
427 881 96
387 452 385
518 747 45
237 321 856
177 663 90
951 973 133
660 989 190
119 994 38
473 753 252
310 391 778
548 601 48
145 289 65
251 424 73
719 830 405
902 963 171
498 559 128
80 642 145
402 630 34
814 873 399
327 839 82
32 166 186
293 471 65
272 406 305
37 647 80
102 657 75
776 892 415
84 795 69
207 971 82
516 637 166
521 548 933
368 569 233
71 311 58
769 889 270
412 485 231
813 824 841
144 474 249
355 409 437
63 136 689
30 81 990
401 766 149
616 966 113
334 394 731
796 900 597
129 148 300
335 399 875
595 723 419
355 446 405
473 504 518
662 726 600
251 592 9
397 539 427
263 722 150
339 726 84
277 404 161
274 667 181
559 627 997
436 496 546
378 416 841
458 607 14
35 355 144
294 939 38
111 204 102
842 894 286
648 998 33
415 569 93
806 826 65
271 311 521
181 256 861
943 979 813
74 133 839
650 858 335
268 367 232
768 874 671
91 678 52
345 410 547
318 374 865
431 809 104
278 587 72
113 702 128
604 922 244
882 974 727
793 801 815
239 546 123
360 501 423
512 929 109
553 706 136
137 172 23
715 793 978
762 795 183
891 956 763
401 419 192
79 484 30
7 183 445
196 744 73
90 452 173
279 677 180
626 734 185
606 855 165
424 543 467
632 669 171
552 612 133
634 844 270
652 791 494
463 497 259
127 411 60
227 275 809
381 566 162
635 719 18
481 808 11
74 177 179
467 583 510
613 969 55
230 886 3
247 372 321
554 972 159
483 648 88
366 405 380
627 868 301
550 701 200
504 507 253
489 525 405
174 450 61
280 370 456
101 167 669
71 176 186
194 550 146
740 800 513
489 675 397
265 284 560
562 693 223
440 944 152
657 964 32
169 878 68
588 791 101
850 898 348
387 543 52
201 420 14
228 482 278
333 365 343
338 657 104
199 473 31
25 38 30
57 79 927
425 509 688
192 254 714
191 853 20
207 676 63
496 524 484
526 659 316
561 775 369
683 692 610
746 847 684
846 989 243
307 462 341
721 867 463
337 534 382
283 484 18
174 413 223
841 887 113
241 676 96
607 646 1000
624 767 568
694 823 296
117 187 788
831 1000 97
455 775 209
379 771 95
392 478 24
5 39 743
130 292 135
576 660 224
321 370 842
564 638 218
648 754 153
371 482 299
469 501 807
477 583 373
638 838 6
76 137 899
7 311 209
339 448 560
4 145 511
589 597 24
385 875 106
74 131 54
29 119 9
330 436 757
628 771 468
58 340 26
169 345 195
156 466 71
147 777 50
553 557 27
82 443 105
187 232 874
324 415 273
114 371 13
620 726 458
408 525 689
199 394 334
778 943 401
305 543 247
226 381 17
786 823 85
132 194 926
291 582 25
835 938 270
45 414 52
13 63 842
309 344 687
91 673 134
332 388 908
771 927 493
543 581 431
483 546 49
31 39 744
202 328 244
584 720 540
220 541 125
20 549 93
466 825 47
150 272 420
332 342 976
76 367 218
898 943 444
185 745 134
336 988 115
35 393 177
975 990 751
362 593 299
86 92 832
873 963 810
196 289 621
404 579 388
106 340 171
212 530 193
328 361 355
283 453 66
206 551 220
681 701 234
167 258 647
247 281 573
455 471 159
573 602 881
899 943 593
144 312 12
52 517 48
605 888 203
611 887 14
703 821 46
474 576 747
26 986 54
394 681 68
244 430 425
347 375 741
188 370 161
646 854 239
605 777 342
184 197 330
669 829 263
443 621 80
614 773 104
349 434 954
901 934 282
468 945 35
49 111 419
183 235 70
331 460 325
186 357 167
419 507 602
612 684 399
832 866 153
104 209 301
247 255 906
277 361 356
707 725 997
244 306 953
553 603 94
353 521 386
207 514 176
125 164 963
605 842 286
452 694 42
245 577 122
715 794 305
86 153 37
653 663 40
568 609 912
9 268 233
810 957 276
525 705 272
104 186 314
319 392 123
18 46 944
165 222 86
169 586 156
236 545 251
788 812 140
675 846 111
287 621 221
695 781 833
552 717 370
692 708 285
258 376 285
400 410 940
252 370 418
174 415 241
592 855 88
267 365 451
529 604 50
272 912 7
158 275 1
173 209 120
691 725 783
286 395 204
418 472 346
456 918 84
661 699 927
520 587 213
846 958 255
11 92 912
303 447 273
159 598 151
266 929 100
663 991 54
512 664 305
71 90 88
777 938 87
131 331 236
763 857 448
355 907 48
674 700 551
275 637 127
832 941 653
261 483 359
201 414 154
54 247 228
273 366 857
613 659 730
443 490 881
742 812 368
25 32 697
388 667 55
345 392 667
347 402 768
434 512 213
51 169 423
411 713 52
25 647 87
298 445 366
365 383 402
716 809 600
31 149 644
210 453 66
869 878 724
249 490 335
453 654 336
129 868 19
507 687 448
768 807 35
815 938 553
353 411 656
858 991 535
548 551 949
340 387 292
558 684 465
123 652 66
154 841 11
206 562 20
353 837 53
92 100 517
195 333 271
41 153 673
811 942 540
611 918 18
899 929 419
756 784 951
61 309 223
83 584 145
643 741 252
481 522 472
198 280 661
745 910 8
821 899 402
560 699 319
89 373 101
31 137 394
382 627 162
376 665 239
806 894 300
933 949 577
345 825 82
283 341 967
553 766 222
289 797 31
291 435 188
37 45 58
585 935 175
211 242 108
612 646 827
688 852 493
873 960 546
582 700 72
546 560 117
406 738 105
511 686 321
218 371 336
330 901 14
806 863 268
215 396 228
267 492 154
240 375 515
763 985 221
816 935 320
557 603 839
30 818 60
212 266 249
420 717 95
398 467 906
464 633 164
251 991 37
526 889 73
100 122 278
130 298 144
135 153 78
94 920 62
500 504 723
785 793 135
549 885 113
88 347 147
576 654 427
629 957 215
640 783 394
31 869 15
356 466 482
20 168 382
303 362 993
546 625 955
276 287 408
13 133 577
40 216 363
297 685 95
265 339 196
223 247 114
584 852 171
455 760 125
136 471 108
208 319 24
567 592 804
339 425 230
540 592 442
548 558 998
80 270 255
248 812 136
21 450 148
340 500 325
185 694 112
94 363 194
266 407 148
378 441 898
248 497 110
523 527 589
739 747 757
400 639 343
494 549 183
78 387 167
863 935 349
252 328 295
188 407 163
932 1000 182
652 821 464
744 779 650
380 490 703
240 567 42
884 1000 429
717 964 119
707 720 758
118 291 348
38 77 493
285 520 321
373 405 354
157 237 794
166 247 589
770 854 376
525 939 66
247 681 43
211 956 11
912 988 178
311 805 74
829 872 409
524 593 52
709 846 31
432 487 624
800 829 197
416 740 110
589 935 176
39 787 86
315 572 268
85 466 45
641 813 137
591 600 697
43 180 103
343 413 81
533 566 23
286 361 391
74 94 337
470 650 399
2 27 179
629 929 54
361 366 495
460 988 105
250 306 371
855 901 799
329 383 880
393 591 307
115 211 829
375 398 30
351 429 819
726 762 524
3 473 34
509 622 737
675 876 343
601 685 341
47 389 166
301 733 109
696 832 334
235 727 155
718 748 467
205 254 744
551 975 142
217 283 512
685 981 58
392 615 153
145 213 231
17 49 644
413 428 786
44 87 484
453 941 120
180 257 986
191 435 312
470 747 195
397 682 276
677 916 36
446 472 382
113 183 490
115 319 241
358 380 504
273 861 24
376 438 411
24 121 92
376 482 210
412 426 383
521 586 760
199 302 210
665 903 257
556 883 52
685 802 642
281 593 118
129 218 413
210 308 37
567 714 338
714 876 234
111 169 721
279 770 24
268 391 405
457 930 7
906 943 223
605 684 107
200 272 432
318 357 819
694 707 149
194 240 816
487 595 701
241 549 181
862 867 390
722 778 224
2 16 945
190 304 231
66 492 18
620 727 140
344 941 39
192 273 54
381 665 45
425 773 138
237 252 947
7 215 207
270 375 244
742 1000 109
96 986 8
37 45 461
703 799 670
394 445 841
48 165 13
416 454 14
186 196 662
434 500 851
570 667 784
107 757 20
417 590 152
147 370 181
749 821 725
244 429 408
139 723 99
383 567 354
480 545 775
758 906 181
313 426 454
699 906 271
423 846 100
2 119 294
175 256 541
627 774 289
692 801 731
334 386 390
732 763 547
209 307 808
458 492 468
205 253 233
468 544 680
887 968 470
326 476 210
701 744 934
827 890 227
448 661 237
190 240 316
93 917 90
339 405 608
531 609 908
499 505 150
297 869 140
548 611 420
225 232 587
611 699 436
224 301 877
531 583 403
55 396 80
45 193 530
720 917 405
85 641 24
203 696 95
615 878 193
348 370 914
106 303 419
369 473 46
237 302 830
717 752 842
514 714 28
174 265 2
395 494 296
70 224 276
907 995 660
373 630 215
615 704 35
643 789 251
662 671 594
759 952 198
668 824 211
648 892 60
507 567 896
321 372 287
67 293 158
820 873 242
162 275 504
604 744 73
780 901 399
375 490 348
610 632 241
671 747 928
567 619 9
73 150 486
336 596 6
561 620 565
666 806 23
523 655 573
327 579 255
200 235 773
83 986 54
231 455 136
338 551 143
774 976 346
433 546 23
4 517 109
470 502 502
238 365 138
422 464 833
622 664 358
8 433 186
225 312 384
654 687 90
586 910 220
442 942 60
395 508 231
634 638 217
539 959 149
103 291 235
935 961 509
268 502 131
909 921 320
263 269 357
237 571 210
453 586 529
739 828 869
653 892 14
507 532 346
496 546 750
315 535 100
638 700 415
193 606 54
592 633 348
865 875 67
498 583 513
559 563 930
345 388 560
603 945 103
318 389 308
480 727 154
46 97 52
194 310 356
460 671 335
868 921 316
615 925 178
721 734 732
853 976 626
350 785 42
251 549 243
577 687 462
