8000
677 973 171
814 855 752
66 874 29
237 344 497
461 774 222
525 669 254
783 937 261
218 512 130
695 803 433
409 514 59
698 789 689
868 888 581
334 368 148
838 886 769
351 555 378
640 653 480
553 557 649
328 919 138
47 50 976
2 8 964
738 839 304
660 724 333
200 416 358
115 133 290
523 581 451
775 936 253
439 481 776
41 118 270
110 218 753
686 708 750
226 869 51
450 486 231
249 361 214
494 545 267
368 872 67
483 746 264
829 930 578
815 901 759
673 701 657
351 403 921
87 387 42
70 408 41
304 401 781
222 330 720
31 230 382
759 967 31
86 227 144
308 488 162
373 539 483
188 525 213
357 629 294
371 410 339
845 987 224
892 917 15
764 804 87
735 832 554
240 552 247
368 532 27
241 399 277
32 734 90
18 317 97
146 510 66
415 501 782
87 301 8
573 596 414
765 805 325
261 608 18
720 794 736
643 679 775
105 357 199
385 418 475
686 824 351
144 287 171
350 365 707
682 690 30
215 280 513
424 581 398
39 160 125
520 687 488
392 476 9
11 109 697
108 112 168
265 359 4
678 812 107
252 766 129
759 830 822
780 944 71
483 624 288
655 888 332
414 938 141
165 257 729
213 590 50
349 530 195
90 172 582
822 873 546
292 637 34
331 463 248
320 397 753
679 824 374
155 832 52
13 272 192
843 948 510
386 679 187
433 451 647
61 500 138
444 632 76
233 534 140
889 994 284
686 793 514
853 992 381
585 909 214
64 175 40
847 944 411
207 327 30
795 801 902
789 797 986
696 796 505
138 195 741
413 622 150
395 793 108
680 839 196
275 343 265
899 953 836
604 826 30
24 623 87
181 292 163
896 962 26
743 897 364
611 684 953
91 184 389
237 520 139
344 982 49
220 354 152
919 955 663
199 409 252
863 977 521
424 435 49
44 170 505
156 886 76
757 795 470
330 358 954
558 686 284
507 657 51
189 248 512
381 571 321
243 250 456
261 648 168
495 561 552
869 942 339
115 398 115
226 368 225
23 587 29
969 991 5
297 929 2
654 934 5
883 923 246
616 717 657
726 807 513
159 841 45
48 106 616
385 586 104
617 712 712
77 881 87
737 917 277
624 811 120
779 798 196
586 638 492
9 142 591
511 630 524
472 643 305
436 615 89
696 968 101
366 935 97
717 783 741
213 361 137
289 308 49
111 355 180
59 700 127
418 878 4
815 860 99
418 743 249
285 597 68
221 264 273
146 303 436
105 275 398
103 290 230
495 563 643
753 803 776
552 579 472
571 981 3
353 417 298
921 930 609
602 666 974
368 426 923
919 952 189
774 831 832
702 707 32
266 397 224
73 194 560
179 588 166
71 204 149
301 456 97
21 431 163
135 288 307
252 286 424
631 828 99
214 262 784
802 876 890
262 298 111
774 855 928
4 34 83
508 518 375
707 727 815
918 921 753
273 287 718
444 638 27
556 577 677
320 359 97
87 127 691
676 766 323
89 167 42
823 896 853
690 901 37
826 968 527
51 472 62
151 363 238
338 391 68
272 318 557
762 789 411
197 592 81
665 748 559
533 608 39
602 703 713
86 444 218
14 576 35
79 378 124
127 395 193
217 384 352
216 294 780
595 691 727
176 349 453
140 767 52
565 832 73
313 317 544
724 861 194
69 140 711
932 961 549
225 387 139
30 933 47
164 286 271
186 817 114
249 333 331
827 889 502
819 852 305
415 516 323
667 860 410
394 405 669
724 764 135
594 598 933
862 897 200
581 808 33
684 728 977
737 843 58
688 721 876
796 884 425
592 722 550
141 203 589
157 308 529
211 238 903
305 393 261
620 695 669
355 424 702
655 735 515
265 360 707
712 718 515
137 260 68
159 274 647
660 830 187
278 502 332
718 771 929
399 595 86
702 827 316
236 616 40
217 300 229
733 865 567
352 414 673
126 145 452
754 815 45
161 166 500
791 821 425
296 559 6
404 443 193
192 641 67
275 294 870
884 974 843
314 574 125
77 279 336
578 629 8
527 562 559
471 685 289
90 167 492
115 894 61
943 959 369
767 813 937
165 349 80
418 558 266
604 852 192
75 185 328
272 317 201
3 540 144
931 969 202
569 603 336
180 314 493
17 703 16
305 372 515
82 130 832
604 848 7
745 764 690
362 760 171
420 860 160
815 905 843
756 987 239
396 584 136
115 231 526
254 467 190
567 670 435
659 973 170
89 408 84
780 922 112
333 578 214
115 262 224
389 571 373
513 812 133
366 828 77
891 936 171
241 337 837
434 858 55
165 206 951
218 893 3
362 442 304
771 775 7
783 787 70
100 111 166
821 846 222
567 709 510
23 90 248
379 507 580
887 901 160
706 824 101
359 987 20
260 891 33
781 878 397
526 548 493
192 416 370
900 947 247
114 150 734
856 860 460
89 841 96
486 683 302
741 816 712
136 250 274
77 585 43
154 217 369
797 911 307
354 784 83
403 517 382
421 856 57
43 145 791
21 141 668
6 171 444
328 472 385
221 278 651
283 354 139
409 727 201
206 259 249
107 221 104
144 444 233
27 255 83
850 867 31
80 124 904
202 381 376
859 929 179
57 174 303
724 840 579
341 750 26
603 803 359
377 937 88
318 418 77
717 853 274
199 349 161
374 497 333
364 394 895
256 307 393
480 823 83
175 270 678
123 166 942
46 263 375
412 915 78
242 988 79
608 617 387
558 784 230
360 575 312
254 299 103
99 533 20
15 796 25
663 763 494
693 715 250
297 449 203
473 691 203
200 382 145
395 751 169
808 892 268
811 902 742
566 638 319
287 343 393
434 512 263
780 884 660
793 847 150
275 451 363
199 297 509
111 635 56
386 725 137
749 897 461
291 637 54
585 690 102
246 909 109
335 403 268
663 736 970
438 482 617
355 770 139
190 204 532
217 506 45
339 372 377
553 583 666
191 625 69
705 773 640
105 257 34
12 186 322
629 813 326
169 210 953
631 654 52
368 412 667
405 510 690
84 101 539
200 302 91
792 919 324
197 230 139
271 297 675
5 104 49
112 147 754
709 733 463
569 748 268
440 533 377
94 346 60
115 394 260
82 882 11
515 526 172
831 941 675
55 204 485
274 949 123
61 191 112
160 891 48
226 995 103
811 947 535
135 605 100
592 701 98
526 679 91
108 254 364
318 333 348
574 626 413
620 728 605
179 273 607
404 471 996
431 760 4
352 374 290
99 382 102
810 918 132
261 319 704
511 560 354
738 752 919
867 929 314
184 329 28
579 973 175
734 826 103
266 340 776
169 654 93
846 905 686
711 998 144
711 874 193
402 779 16
617 642 937
53 192 176
330 656 125
102 660 98
63 361 239
177 232 808
222 504 157
795 824 931
215 599 31
905 976 237
641 773 557
460 656 333
228 328 487
616 735 276
273 342 28
616 689 562
287 406 511
459 934 129
951 998 419
660 987 83
126 225 79
474 756 93
270 388 375
680 835 467
133 942 36
282 392 552
420 819 25
766 970 28
732 839 543
69 367 211
158 221 454
542 653 83
121 575 72
183 806 19
545 783 86
433 652 327
530 584 108
577 764 444
845 956 704
368 392 791
488 530 10
415 465 565
895 972 591
701 998 103
504 563 941
470 920 90
419 631 213
645 736 745
514 581 602
488 570 501
729 778 479
736 836 710
263 294 868
185 650 87
832 857 171
720 724 950
712 728 558
556 613 674
179 265 707
789 890 19
750 821 798
319 369 829
189 688 60
208 810 40
670 675 195
115 900 47
381 430 712
543 609 942
404 442 825
388 551 40
752 757 786
234 332 686
398 504 447
42 611 127
29 956 57
775 858 959
594 791 265
560 687 333
214 577 88
107 200 498
401 530 482
466 750 83
64 701 66
422 494 777
666 927 260
754 840 620
164 222 34
227 308 31
769 832 118
365 419 594
720 744 373
677 965 61
443 512 133
288 572 181
484 742 215
22 88 279
245 510 193
239 816 73
136 260 606
450 986 61
658 776 264
202 954 39
593 688 364
403 629 236
38 65 646
59 124 340
411 685 172
218 484 53
537 770 76
314 930 92
630 664 409
579 688 574
441 880 6
453 490 520
885 989 525
802 903 383
73 212 126
174 488 259
78 218 150
60 492 104
673 902 55
162 244 31
231 853 131
737 753 747
581 696 284
801 855 716
484 695 370
249 409 76
834 896 962
398 526 508
610 752 173
695 802 290
176 397 67
765 854 168
59 114 316
159 543 20
832 924 104
804 867 383
94 244 528
610 800 416
714 791 721
440 740 192
60 135 694
806 872 483
113 295 370
12 504 50
428 881 9
9 870 78
288 292 662
239 432 79
29 673 57
492 755 165
208 252 556
479 644 119
413 426 78
105 611 45
611 687 747
81 180 715
396 430 492
166 328 512
499 765 171
42 277 43
788 886 811
78 91 502
354 484 256
610 986 41
471 593 129
218 229 906
895 943 427
452 511 570
606 970 181
126 714 83
374 669 65
611 701 854
403 758 178
613 641 200
192 226 315
213 296 221
387 557 466
37 235 75
419 442 288
86 521 55
530 622 476
377 432 923
715 724 806
445 562 149
162 303 209
162 282 571
278 324 230
526 995 4
325 352 55
92 291 311
467 703 247
14 86 761
228 773 144
536 545 141
62 253 25
232 282 663
503 506 193
426 620 70
684 717 804
573 606 981
298 654 11
589 596 306
642 790 137
441 510 656
112 632 11
649 694 686
153 285 364
41 783 65
82 100 451
94 128 497
76 908 75
76 123 949
864 908 511
361 659 5
347 461 494
602 929 56
608 659 929
194 627 159
423 480 621
406 501 188
154 405 50
231 959 64
31 106 774
492 522 605
100 556 86
98 117 241
420 540 282
85 175 599
562 770 330
96 336 277
566 629 210
458 670 304
336 428 831
130 175 24
568 977 145
934 981 926
753 802 122
664 700 354
440 463 785
228 435 127
254 373 549
799 854 851
12 75 488
217 473 274
310 348 70
281 608 224
321 870 25
787 799 486
148 319 57
24 152 194
293 387 812
17 91 668
800 808 276
521 524 868
798 929 489
220 395 210
96 114 144
32 299 9
322 639 26
692 962 218
56 586 46
613 846 30
196 956 75
2 452 75
397 678 83
347 549 327
482 730 110
35 194 437
477 592 456
726 757 633
114 808 22
295 609 188
847 975 231
84 129 571
19 180 77
31 92 148
574 777 399
698 994 81
379 432 84
849 994 216
305 571 289
143 167 856
375 458 761
542 579 632
81 641 46
324 510 325
887 900 708
283 342 725
686 846 47
574 912 189
664 914 12
365 524 96
299 838 52
195 220 382
426 579 462
296 469 382
757 907 94
119 271 479
527 847 160
153 278 394
703 716 286
884 894 866
301 342 107
702 769 106
44 282 63
816 841 849
212 331 577
871 887 103
122 538 107
428 553 656
503 596 359
865 921 390
687 753 572
227 305 680
93 378 163
103 170 135
359 570 1
59 502 11
462 595 86
688 830 227
107 408 119
79 594 128
569 740 353
39 797 77
902 942 423
713 972 107
272 445 328
339 409 861
161 468 76
101 321 131
718 822 681
647 733 127
220 943 33
181 203 925
278 357 368
645 704 986
111 438 68
32 504 50
346 848 70
684 830 116
905 998 474
590 677 713
518 692 295
365 377 778
242 475 355
93 180 834
164 298 290
485 960 56
15 598 115
611 624 349
278 494 122
763 843 112
429 468 132
334 420 307
63 804 38
726 771 500
161 222 73
840 931 884
757 767 594
445 659 260
49 174 88
706 835 587
180 317 56
557 699 187
332 968 31
172 646 14
233 289 970
958 980 590
191 908 1
961 975 75
305 388 918
365 414 576
754 819 41
114 133 90
333 845 126
187 251 510
170 470 272
521 646 583
793 951 264
589 713 545
508 577 887
533 602 276
769 872 307
911 961 778
327 637 212
327 396 749
25 155 463
393 507 460
386 438 978
355 714 165
464 631 239
781 818 342
80 166 627
431 552 71
116 196 557
473 497 527
157 399 285
165 288 587
491 674 382
3 55 431
503 537 759
167 339 156
643 700 736
218 243 777
753 948 148
608 905 144
799 841 240
762 816 593
592 649 896
496 538 147
174 439 149
662 875 147
499 654 206
735 975 294
41 64 866
554 584 820
744 941 102
7 269 19
786 797 108
477 493 493
679 822 561
165 423 2
662 681 139
328 767 76
156 262 393
188 226 334
602 889 149
462 605 5
798 847 774
177 459 295
144 218 320
685 712 180
199 769 145
281 468 226
715 865 195
119 149 466
267 647 22
496 961 136
667 843 403
670 956 115
402 410 719
503 740 307
673 706 203
733 758 4
793 834 413
12 32 345
144 825 20
177 428 180
273 936 88
760 857 520
703 856 163
243 680 128
37 908 41
433 463 230
298 417 354
31 38 441
171 439 5
298 517 105
33 346 223
512 523 435
263 377 2
603 740 325
880 958 440
362 831 105
723 776 661
214 232 444
302 370 229
510 607 224
45 724 42
761 851 794
78 159 493
722 971 79
661 746 711
174 721 79
228 251 384
487 934 126
382 460 976
28 103 929
26 39 455
356 435 418
566 912 18
598 804 264
713 723 420
154 767 6
104 177 570
301 312 801
668 985 214
53 189 544
622 918 221
144 432 92
404 431 461
360 921 25
129 736 124
464 520 909
458 649 200
110 402 231
13 241 255
541 680 415
501 579 81
658 940 245
262 365 128
683 949 226
774 809 620
7 217 28
312 546 143
127 944 54
238 399 288
824 948 388
55 210 425
462 563 132
219 243 891
756 879 485
738 867 125
629 734 661
576 777 386
531 616 457
93 778 27
741 823 20
209 402 166
869 920 44
173 607 144
198 298 426
244 409 221
61 225 230
136 173 157
641 674 993
679 800 475
409 537 637
505 742 125
177 186 458
643 797 151
632 706 346
404 669 223
582 967 157
285 300 347
514 547 720
900 910 268
104 355 272
51 109 562
568 815 58
245 322 955
603 699 6
338 371 79
191 357 228
250 942 87
648 810 487
66 412 11
732 736 514
922 942 418
15 110 736
534 690 147
278 728 99
552 851 122
845 918 811
149 182 805
67 232 79
304 580 105
159 944 21
459 846 179
42 76 523
868 927 921
125 944 2
704 967 276
646 777 545
623 775 396
475 686 360
392 553 21
636 904 71
45 94 881
117 583 142
184 541 93
633 664 976
725 755 638
120 509 142
360 525 474
50 110 669
67 105 542
277 755 18
543 616 338
739 770 496
301 330 332
747 870 586
599 690 110
90 109 719
306 566 277
143 372 284
132 135 836
235 364 155
29 569 85
158 564 137
686 844 501
292 345 896
73 308 113
596 764 283
115 352 26
516 795 164
350 656 263
430 731 149
69 253 53
675 832 478
547 552 648
547 816 205
571 716 282
532 553 455
758 822 747
70 614 134
81 297 79
454 927 17
726 828 5
222 313 142
848 886 897
747 804 994
659 726 962
192 369 55
358 467 641
355 388 795
903 967 313
607 848 298
526 633 159
557 645 694
315 440 601
516 621 498
132 317 235
887 948 167
106 148 45
482 631 271
535 563 836
845 946 324
529 849 55
480 532 925
389 435 796
535 782 233
326 387 178
81 104 434
174 275 413
843 913 660
845 948 238
520 608 341
931 995 107
644 651 725
246 445 328
82 212 485
647 741 38
405 526 608
734 752 420
489 798 157
142 475 124
277 514 168
669 948 286
533 609 929
55 609 6
792 949 367
44 608 32
71 890 23
345 692 232
844 854 736
8 90 293
694 959 39
528 916 9
735 836 413
317 383 473
347 471 452
610 628 439
596 640 972
561 573 543
385 430 911
366 388 994
439 527 192
777 905 515
132 162 318
562 684 492
339 372 915
257 261 416
303 697 83
55 102 974
329 336 234
128 431 84
412 830 7
391 742 182
248 344 841
417 460 823
17 462 114
657 821 454
38 735 1
196 231 32
760 839 102
457 522 218
114 362 326
139 191 394
416 433 480
799 853 383
299 402 315
564 766 157
195 780 59
513 658 378
9 731 109
488 619 498
201 493 238
123 639 120
402 711 198
172 299 552
241 345 369
612 624 46
558 580 699
426 675 60
652 799 496
641 841 289
304 408 237
511 578 623
620 900 258
178 217 168
221 410 149
693 931 154
965 991 159
855 907 251
293 524 311
421 674 22
523 571 758
806 912 773
183 533 102
526 954 184
804 974 302
313 421 683
230 398 196
308 525 136
668 753 81
27 511 147
570 589 223
451 463 474
650 746 438
757 954 206
467 621 265
656 839 281
366 524 454
782 905 380
131 239 51
968 996 6
558 686 306
722 814 29
471 531 504
420 863 118
217 645 165
313 851 37
635 838 166
217 461 277
615 658 494
98 625 150
581 685 429
862 868 909
447 534 821
489 736 241
303 359 519
399 491 422
289 347 676
606 731 287
152 644 97
648 664 661
789 794 588
48 139 350
559 607 397
229 488 162
760 772 372
353 813 15
362 819 161
252 473 10
778 915 383
518 728 81
410 419 337
132 177 361
837 925 311
646 672 597
544 573 424
782 852 886
404 419 3
142 321 62
406 590 294
109 538 70
283 466 17
457 951 79
114 524 170
486 910 72
541 703 77
503 727 204
411 430 441
780 786 442
104 277 286
734 824 635
509 522 37
518 816 29
943 955 670
742 908 376
710 827 242
428 522 496
559 711 149
167 174 916
354 633 130
619 726 37
444 527 805
969 992 154
182 247 518
400 599 211
213 394 152
548 642 615
752 770 588
623 858 349
206 261 911
143 210 942
179 517 67
726 786 601
932 977 288
176 409 342
97 350 51
562 646 559
535 757 320
522 889 186
478 555 446
424 550 389
203 340 168
375 422 360
901 929 480
477 495 149
962 987 223
408 438 547
63 176 556
370 448 932
152 246 776
658 725 169
815 895 593
617 632 203
611 716 573
586 598 7
595 705 260
630 792 231
604 764 18
22 266 244
250 678 11
596 811 276
172 868 66
438 903 77
489 677 351
160 249 505
585 683 433
394 532 402
325 697 65
138 178 421
63 262 283
561 918 155
862 978 271
840 943 277
198 399 323
448 534 686
604 842 304
60 90 237
778 878 188
100 329 165
591 945 11
672 729 155
120 208 802
163 266 385
720 777 563
820 856 330
518 532 329
92 134 298
529 614 633
851 937 700
1 98 566
676 757 874
123 131 20
555 560 682
407 474 347
116 563 123
596 846 157
932 938 646
520 703 166
409 493 484
647 731 494
231 408 309
426 793 152
323 427 462
384 439 711
144 584 21
341 452 75
331 621 266
19 137 278
456 924 176
305 319 712
471 568 116
589 686 43
14 17 222
221 346 505
12 72 148
152 551 114
134 158 719
579 699 415
739 885 461
686 755 310
91 202 468
85 882 52
741 757 86
89 187 823
267 726 49
891 981 289
801 885 979
74 579 56
182 260 238
140 319 280
793 977 207
710 839 331
150 517 164
226 239 109
714 929 307
443 624 44
268 334 241
127 182 770
20 49 942
179 276 526
212 223 539
737 781 854
201 360 221
747 993 81
297 314 505
935 998 579
153 198 394
702 899 25
151 162 289
836 917 486
399 516 496
851 951 169
239 479 140
294 411 290
4 69 693
410 688 163
361 525 484
669 784 202
195 562 222
291 582 173
110 414 225
484 783 242
356 420 37
82 942 49
29 329 125
715 753 536
579 643 765
35 769 70
409 800 166
266 391 223
861 905 470
454 653 319
579 619 194
771 917 289
795 839 367
535 902 227
479 532 865
308 350 79
318 837 100
601 674 426
208 873 21
67 626 137
447 709 278
587 953 68
557 702 439
343 932 77
128 227 670
557 982 75
616 872 181
417 575 331
324 336 658
92 757 71
853 858 239
84 530 186
68 208 202
334 687 117
897 902 686
256 343 339
440 923 9
449 522 569
146 794 30
368 548 79
665 881 185
364 579 58
532 544 584
326 617 214
78 460 109
453 604 433
567 597 661
811 826 808
74 105 283
365 393 855
447 670 353
118 367 156
807 920 198
356 446 756
650 663 129
617 682 934
54 195 519
239 348 219
547 961 174
293 358 172
151 245 332
496 585 199
290 575 152
628 760 492
540 584 591
265 696 7
15 134 28
309 697 129
567 620 416
153 313 394
302 378 648
165 453 279
347 421 851
791 860 272
69 494 126
336 399 217
459 696 331
403 433 735
555 660 123
97 179 969
254 554 135
591 780 247
222 508 196
511 670 176
214 298 826
910 982 971
391 477 377
709 944 115
44 56 350
559 574 778
571 815 65
204 426 325
811 817 414
213 236 137
618 913 171
470 922 181
624 714 402
421 499 399
138 235 318
564 634 905
245 933 82
797 866 801
561 938 122
317 621 109
363 472 330
986 996 676
813 853 763
871 960 72
147 495 199
211 434 175
523 834 74
158 265 256
655 826 79
403 503 756
310 438 188
692 735 75
733 825 560
902 912 386
367 845 135
863 925 550
315 988 35
92 654 77
270 526 282
665 732 715
614 781 112
581 654 87
405 890 34
95 605 145
511 735 145
302 368 974
558 712 75
51 141 85
410 816 195
409 555 522
229 266 895
423 505 524
314 423 514
589 624 667
806 889 452
73 211 234
475 771 10
588 849 155
164 213 29
234 628 47
172 228 740
231 526 105
116 439 117
110 624 46
180 226 115
143 685 42
745 880 151
284 497 185
330 367 111
867 954 515
632 661 169
474 490 196
252 320 682
115 248 388
145 730 7
261 989 82
105 692 3
467 603 242
734 842 375
228 332 636
196 255 390
743 747 273
793 862 319
339 417 258
165 253 508
789 849 846
199 767 89
117 286 338
410 578 426
173 273 424
754 941 385
397 576 113
42 66 659
91 543 91
875 937 914
692 734 533
615 624 932
413 542 371
363 821 168
144 173 35
447 960 95
260 490 7
729 826 726
427 454 217
464 959 100
412 443 125
469 587 388
287 669 37
103 574 71
655 843 281
810 997 381
126 173 165
159 214 492
809 938 423
864 900 856
94 297 87
618 677 639
327 726 40
680 814 54
374 397 8
952 974 905
100 154 459
264 331 237
429 956 99
600 901 81
681 781 191
367 730 158
82 115 490
503 583 307
274 348 348
851 917 127
592 890 192
293 830 100
407 430 828
288 684 44
680 763 433
343 355 94
39 382 29
169 220 746
455 539 664
503 616 443
224 506 242
502 574 781
366 547 120
59 106 70
86 235 433
837 935 153
227 391 414
341 550 5
836 984 425
786 942 467
583 659 480
665 914 318
523 759 219
360 875 65
51 456 180
888 925 756
91 891 75
777 785 878
350 624 193
489 827 88
295 318 211
55 137 498
612 730 437
27 386 225
586 719 506
299 370 620
105 281 416
124 444 51
299 316 46
53 242 16
145 246 247
165 194 912
742 761 227
242 543 126
469 865 118
522 963 173
221 305 371
150 256 111
254 895 101
168 181 105
133 333 110
452 735 110
572 617 299
129 193 676
234 687 125
287 383 338
507 663 449
582 926 153
294 450 177
525 810 121
211 526 166
226 705 128
224 659 140
217 401 153
454 542 943
833 905 154
596 651 476
593 710 175
748 956 163
523 548 781
743 827 788
858 991 567
294 508 110
398 536 233
791 888 412
471 617 246
590 622 43
770 922 505
915 993 624
86 137 224
245 332 143
650 780 330
172 288 186
307 440 406
723 771 437
958 992 65
552 637 926
393 483 851
400 440 100
284 294 194
482 609 558
341 706 174
958 1000 712
46 133 99
666 886 164
74 205 45
684 848 306
215 382 216
279 368 274
18 315 231
737 854 527
867 936 330
462 498 669
873 938 406
758 860 48
313 983 82
763 848 944
528 802 70
200 417 368
832 903 448
589 951 24
375 605 28
415 441 877
273 278 539
179 299 444
111 303 262
540 574 863
158 300 529
348 404 774
191 444 141
482 646 494
408 670 34
165 168 849
52 798 31
820 939 391
501 592 824
497 645 144
224 290 104
536 798 277
763 820 478
193 290 54
382 523 100
461 620 355
52 564 5
847 889 951
16 267 134
620 725 336
432 899 112
520 716 254
233 811 129
413 491 221
971 980 906
151 469 142
535 586 846
778 783 392
415 580 275
181 187 351
670 862 311
651 669 20
699 748 690
122 686 75
126 338 260
546 609 110
875 919 173
877 929 88
789 957 230
796 860 689
250 792 121
99 578 148
414 458 899
193 274 662
875 931 48
443 466 415
583 696 228
87 245 30
567 678 436
390 911 117
28 271 321
391 936 56
358 521 474
258 554 196
709 981 262
974 999 360
460 731 264
286 510 175
32 130 167
193 214 215
651 951 262
31 69 341
625 640 752
741 797 738
414 457 262
11 60 293
380 485 635
175 301 143
490 834 91
585 675 681
444 633 150
412 454 532
12 83 683
18 85 518
790 892 441
106 118 91
44 161 255
519 725 135
86 465 42
449 478 622
820 853 288
219 349 180
670 802 116
909 951 281
135 230 800
805 843 576
404 823 39
286 916 20
373 435 436
707 720 945
387 644 95
293 540 118
784 809 180
532 982 54
344 390 539
373 472 744
137 433 195
422 796 41
210 731 150
421 560 583
326 383 934
490 652 63
694 720 370
561 582 486
149 503 27
547 629 419
166 315 339
446 453 499
18 313 235
258 547 29
585 646 42
450 815 100
66 283 53
860 942 375
498 527 293
819 871 524
449 682 268
57 63 309
237 416 306
122 129 837
830 962 564
12 134 32
301 371 631
941 988 970
597 665 642
278 925 29
74 631 99
291 433 306
47 884 58
177 224 822
315 333 879
356 831 168
623 681 335
213 667 172
358 638 277
483 616 250
70 727 107
714 779 492
477 547 636
77 114 108
381 536 289
191 279 272
240 614 13
599 623 347
51 114 649
52 58 593
592 655 471
857 950 718
523 693 144
297 361 792
456 647 37
680 732 337
618 630 972
448 665 203
408 974 113
414 684 44
97 331 186
88 517 178
74 354 230
697 893 308
338 550 160
814 876 39
139 306 224
43 246 239
917 928 545
793 814 462
639 694 394
103 205 514
326 601 14
202 646 84
394 421 948
699 771 320
433 866 132
637 719 309
432 580 143
39 121 723
363 374 508
490 510 812
15 130 541
787 986 113
345 468 118
33 890 1
62 211 425
133 182 555
402 467 917
43 89 809
225 578 169
422 682 106
383 466 223
19 112 33
624 638 607
416 431 48
896 918 78
620 702 525
5 94 185
310 546 191
716 840 197
10 46 119
356 951 50
189 861 71
506 718 86
173 182 23
318 590 63
912 994 798
144 154 161
304 980 119
199 278 834
499 520 192
108 211 144
274 428 122
253 386 569
21 554 136
320 425 350
244 445 174
455 460 83
119 893 83
349 435 694
393 400 903
409 758 142
169 244 111
283 617 23
89 224 233
270 484 90
821 941 271
221 555 216
29 276 229
380 502 393
772 939 141
332 857 92
331 573 229
546 658 282
598 702 67
627 744 551
224 485 215
235 458 127
205 306 117
128 180 987
200 277 514
555 941 70
637 658 695
279 1000 70
15 145 66
925 981 12
704 853 246
1 4 57
666 891 109
430 875 133
28 189 124
479 487 643
474 542 684
464 488 148
369 434 176
398 895 69
468 758 205
91 332 211
621 813 236
341 468 655
246 431 111
362 602 238
210 262 249
360 910 99
42 468 181
511 819 119
88 807 31
475 563 389
255 386 74
869 918 872
908 941 22
297 974 16
813 892 721
191 496 149
632 672 589
762 769 103
50 99 60
117 171 205
58 937 91
971 988 351
660 880 162
689 762 903
590 919 233
107 866 51
386 697 132
303 905 135
739 803 79
803 845 621
642 701 56
64 239 306
357 624 112
336 985 59
299 424 449
708 919 279
680 803 298
778 798 417
48 927 50
291 416 33
842 954 299
537 640 380
558 600 131
261 413 520
286 677 152
884 909 268
154 993 33
102 315 58
247 266 913
234 429 14
306 743 156
130 228 428
448 609 477
680 762 61
215 364 404
416 627 319
737 763 688
107 340 276
681 700 940
10 177 102
79 809 9
428 507 584
407 488 484
269 556 173
214 332 310
256 271 150
589 913 167
848 943 77
351 621 251
302 354 807
163 425 258
284 375 770
64 139 103
837 977 362
148 164 684
177 219 967
59 241 342
478 547 65
526 644 552
681 779 795
457 500 87
624 649 66
879 991 407
181 307 597
248 260 526
785 832 572
26 461 28
258 519 45
235 720 55
584 867 204
23 804 2
306 407 647
883 918 766
313 416 14
217 658 128
7 284 9
55 282 54
367 840 83
5 752 13
54 105 321
85 621 40
554 923 123
552 744 337
414 429 846
209 232 341
821 978 259
36 161 20
365 710 125
58 868 18
667 777 190
401 559 120
555 835 3
480 562 943
483 504 826
393 449 837
664 711 905
767 825 144
68 101 884
271 394 405
75 240 401
38 261 57
716 768 727
720 778 260
582 623 612
224 721 117
502 567 998
203 361 157
141 253 166
19 629 123
282 411 629
647 758 106
305 532 206
502 695 328
57 169 575
497 572 107
51 404 128
812 857 767
408 680 93
519 531 66
598 673 927
53 313 290
509 531 342
248 316 958
693 828 198
291 569 183
426 551 50
441 654 52
294 341 78
353 379 128
243 502 200
542 844 166
622 813 416
513 604 490
475 763 131
894 971 587
182 699 61
764 814 583
54 79 761
146 940 50
771 777 300
394 642 291
465 561 432
233 587 8
387 601 91
167 291 540
225 253 58
930 971 682
460 500 267
212 264 259
794 845 110
52 111 7
722 810 622
753 808 220
272 320 92
345 413 828
393 797 196
71 198 457
50 407 36
12 234 235
189 239 419
339 401 435
598 624 340
200 317 166
41 302 266
281 405 603
692 729 854
103 417 263
920 945 79
146 615 174
446 522 744
432 927 83
8 266 291
412 464 389
545 567 387
240 319 141
50 844 60
410 731 74
110 421 91
394 434 937
61 993 28
821 902 107
216 401 216
805 944 487
418 431 857
171 227 112
221 743 31
874 976 392
750 896 547
434 452 678
52 99 885
344 634 134
625 716 121
902 963 777
283 618 124
498 779 290
180 318 566
749 769 789
486 837 180
92 384 13
657 846 314
134 201 646
558 684 655
561 988 11
68 735 38
280 293 255
638 689 863
858 970 525
892 953 554
517 684 467
843 927 616
891 989 732
707 731 76
647 681 288
441 765 28
57 65 41
388 730 82
415 685 281
519 983 158
383 659 230
1 626 100
549 572 175
477 722 19
564 574 332
716 775 73
311 941 124
106 266 230
556 821 44
711 885 463
43 55 590
815 882 500
848 877 661
728 745 372
87 477 3
732 880 425
800 818 856
84 429 237
65 223 37
655 682 352
132 226 100
97 109 889
174 326 71
849 890 864
670 924 84
37 446 87
640 737 143
152 439 216
732 758 268
549 595 223
718 764 241
325 453 246
188 212 731
372 645 120
203 322 78
654 674 569
339 373 488
438 762 164
605 618 298
250 522 67
510 723 104
86 192 141
179 189 583
689 753 410
523 850 73
45 143 445
451 518 24
123 319 31
117 682 103
257 707 75
52 116 67
156 497 17
79 150 123
174 364 258
600 840 259
422 473 37
596 808 285
421 525 407
158 304 403
199 299 673
23 524 106
448 727 278
254 280 337
461 539 117
146 980 72
730 796 189
382 512 156
190 917 88
330 531 269
51 193 337
402 499 798
784 935 521
796 808 672
505 524 685
377 821 37
750 799 156
431 633 136
500 569 496
614 660 733
219 700 89
221 240 881
362 398 910
117 827 29
200 302 215
696 745 95
864 872 45
446 512 174
204 714 88
485 534 701
614 687 430
388 424 276
411 462 271
362 517 26
643 684 534
959 967 813
117 601 70
31 85 929
610 697 689
800 969 76
750 857 2
866 883 360
311 466 365
494 607 387
447 458 179
442 471 766
247 307 19
174 242 799
359 392 612
289 595 106
433 468 536
812 819 482
679 757 302
631 929 6
186 252 359
94 199 724
344 528 121
88 703 27
313 512 81
138 264 526
483 526 381
87 461 106
749 753 641
278 487 174
374 462 824
766 776 776
530 895 78
458 621 252
594 675 913
796 886 534
221 449 67
242 372 379
487 616 523
368 550 229
123 613 150
729 900 235
568 652 856
623 728 656
95 493 178
648 918 174
576 810 88
130 804 58
174 861 20
696 710 268
901 982 139
781 858 172
835 991 337
94 293 19
645 916 229
430 718 147
137 373 287
142 203 396
393 427 224
619 767 286
550 668 576
443 911 1
343 379 636
120 375 102
804 988 251
87 322 258
270 836 7
467 570 343
359 539 24
85 153 670
90 259 98
3 199 108
506 548 494
7 687 20
41 56 89
359 412 828
315 414 7
78 595 3
124 506 37
582 595 244
224 426 327
639 748 631
530 553 700
834 973 404
422 452 187
883 992 501
356 970 75
552 833 171
476 557 405
564 612 189
79 401 174
20 557 49
385 451 208
243 535 144
51 65 226
156 308 276
54 982 12
562 898 3
87 292 279
839 969 523
319 928 69
107 259 247
834 991 111
40 56 585
750 819 931
154 183 538
264 357 77
155 666 71
550 696 467
438 536 209
150 234 916
246 720 44
601 974 143
831 934 358
427 592 84
566 598 924
292 579 79
391 544 424
753 874 271
443 646 242
665 914 193
225 669 122
32 81 824
527 704 54
26 167 35
231 253 611
263 702 159
301 304 934
865 913 828
443 579 543
306 353 370
596 709 396
5 49 849
507 693 126
187 285 504
554 711 101
133 200 839
271 325 346
552 904 46
150 687 84
813 867 327
551 591 928
420 453 484
948 977 381
566 594 426
394 587 241
3 198 315
110 195 410
244 247 402
395 725 90
440 688 283
234 798 49
640 649 358
900 932 205
512 768 23
485 596 596
377 466 152
396 623 205
830 885 858
451 531 258
395 472 88
137 337 398
671 707 473
583 984 73
687 805 643
102 126 843
486 561 889
230 641 194
518 548 58
531 943 108
267 850 67
414 745 41
564 646 5
690 711 640
328 496 295
500 513 344
146 516 126
88 794 33
497 554 879
746 888 448
347 501 470
614 730 645
322 332 709
37 159 88
372 655 264
449 738 120
260 337 564
469 583 76
405 540 26
428 496 555
53 271 82
407 448 873
38 386 30
322 409 890
37 328 215
385 412 585
625 709 373
561 818 88
7 64 852
892 972 972
699 809 691
684 861 310
400 587 234
679 820 259
377 515 184
135 660 40
489 844 99
950 964 989
435 498 922
303 354 292
574 689 642
495 804 26
98 932 18
592 636 948
726 965 309
600 678 896
708 816 725
681 715 309
140 883 2
69 248 367
130 551 36
172 567 144
431 563 477
808 872 673
353 442 896
280 341 854
734 999 232
32 401 29
60 618 106
125 490 164
737 799 836
469 559 707
82 92 718
619 957 151
467 613 291
141 258 281
922 972 862
736 761 357
429 491 17
484 641 347
486 990 109
12 59 243
218 702 143
219 470 258
409 596 358
479 681 336
180 237 755
186 505 206
176 903 4
173 265 406
533 703 388
502 653 7
26 245 177
201 358 55
97 337 200
495 632 379
432 443 774
335 463 12
558 567 43
122 219 153
559 802 38
2 821 89
506 521 353
198 276 512
243 661 156
702 868 336
134 167 995
661 781 213
202 226 749
227 255 34
150 241 840
321 466 28
104 129 379
12 190 94
814 855 642
418 533 76
277 320 960
815 853 569
4 298 170
507 906 29
353 600 161
454 463 36
304 763 145
176 837 97
750 834 673
342 411 536
895 933 932
558 610 11
724 912 384
636 772 534
43 262 78
21 126 152
103 183 554
913 966 440
120 280 90
376 411 8
382 469 626
37 96 326
230 440 86
530 612 687
22 471 30
262 416 285
736 973 203
209 229 75
885 976 143
815 927 731
598 627 948
642 686 321
803 813 324
49 121 116
502 654 335
229 636 45
15 888 11
622 809 191
444 811 33
618 711 755
221 980 41
106 596 107
699 817 552
804 858 736
611 723 355
382 786 159
219 301 656
52 101 893
451 481 990
654 805 243
38 370 47
956 993 94
302 360 424
266 362 823
187 268 104
448 483 510
37 481 21
458 544 551
612 901 206
513 598 475
148 653 109
625 633 12
816 832 444
870 900 455
470 508 992
813 895 298
663 697 187
468 489 874
329 412 901
570 670 352
270 275 343
380 919 115
273 563 138
394 406 841
736 813 919
541 848 157
311 504 334
561 704 284
73 392 180
568 735 479
26 43 104
628 753 189
720 780 800
241 363 433
261 296 520
862 931 867
172 323 403
908 917 815
660 833 213
26 160 455
543 694 134
603 644 71
219 729 90
133 735 55
273 302 625
720 729 505
353 563 68
627 788 290
59 173 88
543 640 135
217 240 250
777 826 471
562 591 428
1 222 87
291 613 194
299 363 842
226 338 680
593 686 441
347 710 186
731 793 301
623 777 265
512 671 336
92 572 1
187 223 703
610 637 178
75 129 180
262 353 858
518 522 534
374 787 158
747 958 134
817 896 164
497 658 297
176 368 378
818 826 602
482 763 80
106 944 76
625 653 850
202 325 173
172 181 210
647 672 349
749 975 1
187 577 114
333 364 655
425 485 885
722 830 459
175 373 152
159 262 480
391 432 385
276 590 93
314 941 23
688 985 83
466 977 82
392 518 604
149 219 435
218 281 234
164 178 926
282 443 310
119 447 185
455 486 75
554 629 941
837 977 130
259 332 904
757 761 198
40 530 119
727 787 162
264 450 127
833 897 591
613 692 567
513 553 283
117 157 535
431 651 149
440 764 244
667 689 26
475 963 4
409 422 981
386 931 19
269 480 369
567 843 76
476 486 293
260 859 2
136 310 397
303 527 192
881 948 120
910 940 74
651 786 175
803 850 779
234 309 736
36 150 425
862 901 924
694 799 415
234 242 283
441 989 78
306 406 714
454 684 34
104 182 766
391 599 205
769 785 181
97 545 32
171 720 146
628 938 217
169 741 90
437 440 656
573 636 259
271 744 29
60 63 734
463 539 578
616 832 260
116 514 189
473 616 188
526 847 162
32 64 595
170 203 181
134 317 80
342 372 286
70 142 325
130 362 193
336 657 56
91 103 721
499 616 153
148 202 80
337 460 630
533 661 398
461 528 745
44 837 82
52 470 72
346 535 355
215 219 925
564 956 100
77 591 109
8 967 22
332 525 53
278 314 495
436 530 333
601 923 132
228 952 80
287 539 279
644 987 53
596 862 137
565 881 33
27 72 320
825 889 644
688 860 427
793 802 571
508 527 734
427 451 898
808 815 103
698 712 343
80 303 352
857 921 572
54 422 176
834 902 863
223 332 133
911 979 156
507 842 35
27 835 50
217 522 121
577 608 282
667 859 14
709 735 644
476 682 329
863 886 984
507 569 651
291 526 328
170 409 293
63 76 893
858 908 311
350 691 157
693 852 386
30 888 9
56 88 957
53 989 52
159 478 252
492 524 143
642 716 699
267 465 302
51 241 145
222 597 105
586 997 143
685 746 805
399 719 144
280 444 196
266 301 796
580 973 107
799 980 279
476 721 194
696 866 362
715 735 951
30 587 129
138 182 937
171 190 28
314 358 531
73 491 25
401 849 105
391 565 95
99 178 258
721 740 824
186 233 625
840 942 599
244 562 147
693 804 141
92 668 39
75 138 940
280 566 86
488 492 850
337 651 28
280 524 128
745 804 874
537 607 179
363 444 426
284 402 368
162 319 136
406 670 25
938 950 744
577 719 464
136 671 79
563 602 92
348 496 242
701 811 109
182 226 873
829 956 363
416 525 704
198 264 904
767 905 266
240 525 74
818 834 14
180 244 632
153 999 42
79 901 16
96 568 109
57 197 390
126 225 183
892 951 88
195 305 254
330 362 543
554 720 192
252 917 120
347 461 452
37 55 33
16 514 116
597 678 358
642 729 772
105 224 651
432 588 412
383 416 125
519 609 831
489 771 106
331 382 650
571 975 120
632 816 179
341 826 96
581 681 541
560 859 140
817 878 335
283 291 74
551 952 184
420 496 560
590 620 851
214 269 336
253 271 34
266 312 369
694 760 489
714 735 349
580 611 802
673 879 345
395 424 209
33 305 154
904 954 311
409 492 347
412 518 487
169 664 69
143 151 497
842 954 648
191 785 9
747 812 832
807 816 669
482 657 35
717 844 7
464 475 162
379 623 26
204 233 429
371 446 805
754 840 250
41 281 26
619 754 343
335 560 153
588 684 36
331 843 137
338 409 1000
426 459 337
382 467 120
13 57 368
445 636 268
202 457 169
361 775 190
249 311 281
38 244 73
63 75 521
700 783 648
429 947 2
276 381 174
142 309 268
193 594 25
179 310 267
112 178 659
7 30 540
406 949 35
350 410 371
627 646 465
223 326 102
828 883 691
299 473 239
674 944 81
295 354 976
2 210 121
627 975 1
561 637 709
729 749 501
492 638 102
853 874 562
802 945 276
429 777 152
950 968 106
99 373 33
102 744 105
620 731 433
92 844 106
2 111 489
715 779 199
12 77 931
62 898 51
433 818 61
882 972 16
61 117 267
136 973 44
671 712 521
213 362 109
792 833 562
412 813 57
298 453 436
349 396 817
650 653 240
578 812 94
826 879 369
6 139 476
843 900 191
895 971 321
527 860 17
690 725 629
190 226 764
267 317 819
608 614 992
580 975 122
607 817 354
787 843 291
482 546 577
355 446 734
92 839 100
544 718 202
25 289 15
83 320 126
746 847 131
364 615 15
183 278 272
153 283 37
754 946 138
164 273 226
509 540 244
523 828 172
191 372 101
207 254 27
756 777 362
45 767 33
542 778 332
464 501 967
652 684 796
485 558 54
222 239 784
552 755 63
341 365 824
819 962 209
204 247 996
406 601 84
647 749 414
104 139 676
124 425 57
225 366 100
389 597 26
777 860 547
201 441 57
481 496 450
299 442 359
479 500 733
160 736 140
748 856 487
122 541 102
246 558 125
350 439 738
280 982 107
840 876 264
679 839 243
196 346 395
672 814 131
582 634 813
776 964 416
211 243 793
182 600 78
190 378 231
188 226 434
661 694 953
61 857 15
754 955 400
61 134 409
326 680 168
398 550 543
390 402 478
894 969 532
935 959 819
138 307 483
264 675 174
130 520 212
918 922 760
399 753 230
303 500 184
398 528 484
25 40 487
111 164 887
222 383 153
323 712 176
656 736 208
202 623 110
943 951 813
308 626 4
627 779 298
101 732 63
85 359 145
669 733 838
250 289 855
63 271 273
642 727 727
499 630 202
420 482 826
661 882 125
616 801 375
654 676 102
237 406 23
554 615 734
425 519 5
545 623 600
828 909 427
472 639 124
707 796 609
2 107 181
900 961 367
219 802 23
73 161 201
559 837 199
893 939 927
592 657 857
120 506 86
58 184 53
466 531 471
817 897 135
668 772 547
766 865 665
729 793 336
451 500 901
150 256 538
461 752 240
76 377 45
84 123 759
520 679 471
375 387 664
127 208 617
402 445 465
10 144 463
10 38 604
196 204 908
481 695 368
350 371 2
828 890 588
217 258 810
737 829 615
58 221 289
334 396 18
319 487 35
38 788 67
292 916 103
390 547 413
860 934 108
485 584 813
587 901 205
205 229 918
689 756 291
384 883 129
639 772 239
621 715 742
72 604 25
105 858 105
200 272 715
792 825 956
435 573 109
412 544 461
207 469 158
404 473 2
596 729 352
666 670 62
611 627 637
587 939 216
271 460 232
52 839 5
51 191 222
841 937 741
692 795 735
533 842 69
690 864 363
374 545 172
623 641 426
196 257 641
720 728 749
248 453 35
648 673 665
505 617 76
161 751 110
507 889 161
103 141 294
614 671 152
219 289 379
521 732 311
488 776 261
366 785 81
433 699 200
840 992 400
652 666 660
595 623 731
271 486 235
324 416 611
688 960 187
579 682 145
143 164 567
853 924 337
462 498 94
512 525 443
652 702 478
168 481 125
264 453 26
39 384 36
56 154 222
731 952 362
741 809 545
170 177 203
895 915 593
756 887 400
330 984 23
217 315 378
458 712 132
449 571 155
621 766 447
47 297 327
190 333 295
547 673 454
224 817 8
138 340 34
18 26 573
82 271 397
604 828 104
145 968 90
620 725 130
39 60 175
5 964 63
599 796 254
400 629 323
53 208 292
628 664 908
582 625 594
592 825 234
683 745 677
605 676 403
576 625 171
41 195 169
675 754 815
129 790 112
674 891 217
57 582 47
496 793 232
551 595 47
703 795 372
329 452 155
144 830 77
763 834 207
442 976 156
704 724 295
293 863 114
116 181 821
96 154 180
519 759 295
183 211 382
294 437 303
349 449 640
405 460 151
567 855 123
294 402 222
28 61 185
452 887 144
201 805 70
168 207 238
673 715 176
184 228 449
13 582 41
518 615 847
87 139 640
726 765 119
636 778 451
572 957 137
128 369 204
902 935 406
153 227 141
244 606 83
735 738 56
224 311 133
838 867 41
252 604 56
613 636 635
472 530 788
322 442 309
874 972 114
421 489 155
378 962 92
417 435 861
666 716 216
5 73 289
315 395 103
488 885 139
532 727 172
439 721 178
274 413 251
8 213 252
94 100 384
139 182 563
494 565 719
544 652 210
221 373 104
209 723 157
18 464 74
534 775 133
205 465 239
680 813 500
547 748 52
721 753 368
205 274 920
135 646 30
242 309 708
935 955 847
24 154 126
314 470 50
782 843 766
381 834 28
449 624 61
156 527 221
698 771 998
380 547 107
536 571 788
451 875 119
457 706 7
815 910 140
758 839 470
487 549 173
298 442 335
645 649 669
647 935 155
16 319 18
93 156 16
45 85 458
289 449 80
808 966 499
768 839 652
798 860 985
205 301 409
490 696 294
583 825 338
886 938 194
430 503 978
495 576 376
615 652 663
193 326 174
65 308 45
473 735 229
528 668 168
214 221 157
247 269 953
149 256 522
786 859 880
336 398 660
588 728 331
161 997 89
23 50 805
772 806 9
531 781 200
617 993 81
815 962 218
87 137 227
377 435 344
918 993 124
140 634 134
267 695 139
571 620 525
277 302 398
46 103 899
819 857 226
466 586 460
676 854 276
547 819 34
449 787 14
41 302 149
935 952 607
616 864 258
598 800 176
234 501 58
110 402 36
795 861 817
649 815 279
272 766 49
414 525 155
326 393 244
259 266 658
392 478 631
755 916 328
669 839 407
251 631 92
132 222 24
707 762 104
554 570 487
55 330 81
165 230 604
13 156 463
86 553 150
187 585 67
86 142 542
136 333 53
725 930 321
623 747 502
938 970 150
864 914 398
29 467 93
337 413 145
526 616 852
800 994 237
92 190 751
253 321 588
559 565 846
55 433 43
536 568 119
688 911 287
166 228 988
595 650 396
533 577 260
73 217 308
92 849 94
102 259 59
574 597 685
485 562 594
2 356 197
848 854 785
159 335 348
118 258 588
421 528 721
578 864 291
652 666 67
252 434 354
54 178 105
122 504 160
399 521 417
740 806 432
165 203 922
861 900 906
591 722 273
574 698 527
235 394 390
492 544 308
83 159 701
334 849 64
17 674 19
880 916 355
317 398 339
208 266 398
590 597 274
866 925 312
582 714 8
297 567 47
550 679 132
185 449 259
312 979 54
565 732 59
602 978 45
429 436 336
147 195 585
161 416 9
462 715 302
690 794 693
500 704 210
226 313 540
334 754 155
457 615 482
917 990 756
914 959 547
600 672 70
75 623 61
139 430 253
514 584 123
801 833 358
654 849 286
580 783 250
858 932 676
126 265 103
452 994 31
463 961 125
172 189 140
77 172 131
688 692 244
341 547 37
500 737 194
513 612 327
866 1000 144
195 325 132
179 289 584
355 430 573
561 818 45
807 889 44
181 328 479
394 792 13
473 837 43
566 801 26
434 448 996
311 963 70
149 183 313
440 659 378
802 961 71
341 640 247
530 625 727
655 950 138
10 34 638
332 658 141
617 775 197
678 802 273
404 760 47
344 493 215
143 373 142
167 279 617
272 860 129
755 878 615
159 263 742
423 536 605
788 872 632
735 822 789
571 958 29
487 881 147
669 785 1
116 364 206
186 239 763
446 477 550
382 824 93
976 991 929
802 887 373
617 689 63
217 294 294
102 117 58
890 934 32
381 526 468
548 656 746
813 885 434
158 417 141
710 939 208
69 110 200
64 489 114
18 691 91
106 172 175
239 257 781
164 172 380
762 806 699
597 642 980
14 975 56
237 257 102
223 269 789
491 508 381
255 433 184
514 671 454
730 822 686
277 319 320
632 730 522
118 227 402
230 549 169
442 485 700
307 561 262
691 814 381
723 981 2
365 642 147
684 956 203
269 352 554
107 126 748
497 510 349
766 864 764
920 946 1
481 720 260
371 689 162
143 197 774
276 455 175
581 615 854
351 405 246
184 280 313
354 677 257
368 820 36
172 219 324
122 207 96
914 972 365
753 889 3
758 773 19
929 976 670
904 954 898
233 334 365
823 855 901
476 511 245
180 206 645
511 900 9
703 868 63
705 851 296
110 508 146
223 313 90
360 493 40
122 511 75
384 460 707
21 394 43
365 476 252
415 694 28
322 448 271
137 893 26
126 211 761
255 273 355
309 328 779
227 328 370
609 685 48
762 868 775
417 450 454
588 701 703
245 557 186
255 262 897
610 683 275
227 729 163
97 120 944
952 968 347
96 185 632
936 976 635
684 922 314
836 862 165
18 501 60
748 804 53
720 807 84
850 878 23
144 293 492
350 417 94
729 879 285
605 811 199
412 950 68
631 994 56
257 802 5
362 374 875
257 654 52
202 273 107
881 936 237
538 756 220
538 659 570
219 256 78
186 412 2
662 811 361
635 670 139
667 829 469
579 827 99
815 903 738
188 303 379
183 350 70
121 743 67
304 537 335
418 497 979
687 901 75
476 484 44
499 576 142
571 752 340
277 370 418
183 225 147
49 108 537
237 379 341
869 885 820
663 684 969
225 256 698
68 132 346
493 676 76
721 773 675
478 536 584
255 345 198
558 566 408
468 686 315
327 543 363
40 341 150
22 754 43
944 998 170
382 921 113
872 889 826
198 292 505
295 652 135
281 913 38
198 302 599
717 873 531
87 504 39
943 983 404
395 956 49
820 983 9
587 866 98
654 987 67
680 864 348
516 836 245
838 874 733
742 802 511
208 255 924
226 326 182
39 207 439
7 458 107
345 495 480
548 649 524
763 887 628
856 979 615
334 474 72
817 865 824
325 435 203
442 520 565
46 169 656
40 324 227
429 748 133
595 683 123
913 948 673
538 676 222
183 557 190
693 715 205
99 113 437
847 991 109
155 276 613
277 588 35
674 736 810
307 350 301
305 424 510
300 586 9
358 396 247
334 356 233
59 144 121
856 916 87
58 180 126
489 498 432
90 328 262
43 449 84
947 992 143
439 552 688
196 415 175
41 143 22
174 494 24
809 928 561
261 951 48
47 447 157
630 703 928
243 334 673
527 658 613
709 951 193
344 771 24
526 836 182
32 321 113
270 443 134
450 704 266
21 763 60
396 539 161
844 897 280
37 126 671
267 793 121
648 905 244
358 938 24
35 904 67
544 650 731
270 502 272
881 957 935
709 785 229
754 849 821
6 211 197
477 717 14
215 935 60
364 492 642
661 732 497
221 380 336
87 347 111
211 870 104
615 707 132
787 997 113
699 843 285
288 783 141
43 280 242
888 896 789
158 233 375
72 233 14
844 997 227
680 756 811
354 409 23
376 831 108
878 955 618
321 711 204
337 692 91
92 206 558
414 544 95
804 906 158
434 718 118
736 937 71
702 851 552
642 889 138
223 666 49
166 184 11
76 958 28
477 553 997
666 739 983
381 402 661
350 461 587
156 361 137
71 272 148
823 898 239
260 452 84
704 829 398
358 436 769
221 286 147
339 545 331
349 515 164
884 899 888
760 840 127
483 647 75
558 780 247
673 795 546
216 273 357
343 718 75
184 501 35
587 680 825
292 784 79
641 793 171
578 597 78
177 316 250
695 825 131
527 599 624
218 432 268
601 616 8
53 321 70
762 939 117
481 636 379
621 908 134
365 424 806
229 334 775
453 610 23
385 515 356
571 946 122
96 560 156
245 760 158
331 341 416
509 916 175
19 254 47
171 204 764
495 520 71
428 519 406
853 980 493
382 768 175
784 820 820
547 644 563
813 853 113
3 160 340
399 462 202
51 299 336
29 109 55
393 495 144
142 159 933
150 310 498
733 897 380
127 336 112
402 501 230
37 770 7
77 580 54
239 257 959
114 979 50
898 995 219
141 242 629
430 480 37
153 169 823
235 873 20
195 521 96
157 281 380
483 564 975
324 509 216
88 540 14
797 862 602
91 911 79
431 470 387
357 742 201
315 774 117
520 556 113
280 438 55
919 949 839
464 951 91
868 950 659
255 430 35
575 684 208
303 330 679
522 534 409
68 379 69
216 794 34
212 949 109
921 944 109
193 607 165
12 149 260
85 191 184
923 975 674
40 334 280
679 693 584
448 576 197
354 450 326
174 989 31
687 875 409
382 975 93
228 614 26
61 119 643
667 1000 39
203 275 505
173 563 77
93 119 799
699 954 22
264 853 67
529 592 298
37 309 151
265 590 95
558 827 2
539 668 423
373 511 387
538 687 137
834 962 415
716 957 86
193 305 256
243 985 68
432 569 124
419 450 543
470 477 470
40 73 865
118 231 581
338 556 333
694 738 853
634 694 212
519 589 11
17 243 104
90 143 621
141 419 241
86 195 92
377 809 125
51 106 951
615 897 65
268 399 501
380 545 19
127 341 162
428 514 639
458 788 84
523 687 502
39 98 94
619 682 980
567 743 208
265 377 166
330 945 50
930 964 156
853 939 719
639 703 930
671 705 406
324 481 181
229 427 235
151 266 433
637 707 427
74 927 89
682 932 63
437 496 767
440 627 179
243 807 145
299 323 827
14 110 164
536 717 391
199 244 139
376 490 534
628 676 174
828 862 324
350 417 911
942 995 676
877 955 383
620 731 140
698 920 141
223 265 205
123 258 549
695 951 171
94 727 88
540 680 363
489 544 178
620 871 107
928 938 997
325 548 115
855 861 638
243 299 288
954 978 636
515 537 768
405 410 652
548 632 319
685 709 603
833 935 187
675 832 58
268 751 137
539 595 946
518 716 25
478 578 820
779 873 686
412 548 512
120 252 141
160 257 336
736 842 118
366 969 128
369 941 53
676 799 408
75 140 449
155 958 10
275 326 639
277 295 715
402 494 177
689 765 293
345 459 624
700 786 483
648 677 49
113 887 87
67 876 65
184 320 383
172 275 377
311 391 765
303 457 223
6 221 19
145 162 924
73 76 592
588 939 116
248 312 417
731 783 103
666 825 272
223 255 495
438 673 89
74 92 300
230 236 680
36 50 933
361 423 856
57 309 262
254 585 220
506 663 100
56 309 22
23 302 183
214 365 240
342 467 83
445 451 693
794 822 770
756 971 285
70 383 185
559 951 40
660 670 7
582 721 593
584 603 484
681 854 228
455 950 99
493 900 204
616 884 159
318 374 963
413 645 222
271 391 308
623 637 206
643 809 431
549 919 150
68 76 250
57 441 116
50 759 117
38 447 172
627 719 658
636 655 612
917 987 652
174 228 528
25 190 414
601 721 390
692 715 684
275 707 58
512 597 502
561 606 109
46 839 96
20 29 983
506 708 12
159 336 352
862 957 658
736 753 186
757 866 321
487 653 330
182 624 168
120 806 96
413 741 110
343 487 535
116 430 67
556 621 404
539 576 181
781 927 435
175 298 298
228 353 79
557 741 265
672 776 305
539 919 3
284 631 75
514 614 27
230 879 113
490 510 648
394 441 96
376 442 785
433 863 176
909 950 814
591 784 356
605 724 40
464 824 139
579 671 305
660 689 918
499 920 74
135 356 268
450 598 347
555 643 769
701 730 264
228 344 174
609 907 203
91 138 649
376 757 58
723 784 50
452 649 353
502 559 952
255 273 462
440 553 187
177 196 617
894 958 81
152 259 632
343 486 258
848 886 930
250 565 155
262 449 275
873 932 267
23 394 221
343 367 194
23 345 56
355 423 307
452 552 322
807 896 82
545 620 239
785 842 184
910 925 969
93 338 262
424 504 483
694 803 63
48 164 483
864 873 493
275 329 614
740 743 156
396 764 137
344 580 214
365 505 164
914 952 212
436 613 80
337 660 199
413 938 57
286 505 189
669 682 779
403 818 16
450 528 977
575 831 274
464 498 123
629 683 323
812 818 781
352 407 934
101 169 761
436 494 154
798 831 396
51 779 114
547 642 39
779 904 637
202 841 59
970 992 29
50 451 70
802 933 30
263 978 79
94 100 461
629 860 181
46 863 21
170 257 3
847 854 547
433 519 631
277 400 434
806 981 50
377 450 160
908 943 734
16 456 149
665 823 312
714 886 48
721 776 575
709 954 46
722 727 719
532 576 381
580 672 195
780 820 71
403 486 744
230 502 223
493 934 54
158 616 80
514 565 661
184 220 730
241 352 743
615 701 487
590 862 186
377 390 358
75 748 71
176 284 539
331 345 764
231 414 371
104 295 85
51 116 24
78 283 161
699 772 780
42 863 23
770 860 908
12 246 215
474 515 673
9 91 34
727 832 53
132 971 75
894 987 543
21 261 23
169 326 55
75 998 54
483 532 446
846 851 831
354 773 185
873 989 246
771 908 346
150 175 418
715 853 218
734 869 588
406 753 163
742 753 239
476 633 275
341 826 12
64 280 276
322 386 782
29 90 460
765 860 657
173 796 123
9 796 55
318 331 927
87 455 26
562 626 371
873 992 537
76 194 236
327 375 593
372 397 24
370 436 696
43 994 29
204 313 647
501 591 128
299 473 264
211 909 68
75 163 704
42 268 300
300 671 90
384 466 414
152 252 577
289 649 100
54 64 251
3 97 362
571 852 286
899 938 741
161 204 48
99 215 14
479 595 475
489 772 22
428 794 51
22 71 73
214 324 358
567 663 716
671 811 257
541 655 663
625 711 468
633 663 124
540 547 189
241 473 282
34 884 9
113 164 233
697 920 84
18 28 421
354 556 153
3 35 147
477 573 525
112 115 118
47 79 681
131 490 51
91 299 51
780 906 436
169 191 321
840 966 164
854 992 305
61 171 332
360 455 644
526 554 749
397 472 344
469 520 577
702 738 959
838 846 414
249 483 141
358 400 657
810 851 527
34 401 84
449 481 931
588 622 143
671 990 116
112 484 161
381 390 869
665 989 151
319 418 781
532 545 364
230 687 116
770 796 727
546 679 618
755 899 99
93 193 563
749 791 30
32 189 519
22 955 50
322 551 231
801 839 781
787 947 389
449 936 59
208 298 271
330 632 60
718 781 984
251 633 164
623 660 719
857 932 497
153 182 217
182 400 256
412 697 39
243 270 82
197 797 136
814 944 52
155 482 72
164 483 96
471 691 349
262 779 94
591 601 916
932 961 123
604 783 281
228 694 147
470 641 72
604 690 300
625 662 722
614 768 329
286 314 161
18 125 616
592 642 682
765 922 523
879 890 326
57 942 19
160 985 4
541 743 371
254 305 340
514 523 154
470 766 10
191 279 83
784 884 756
820 881 558
685 913 148
424 513 456
971 976 135
277 530 22
281 317 48
978 994 518
39 450 168
650 876 66
504 544 145
785 912 166
504 514 629
255 431 400
623 653 367
584 948 170
382 387 242
402 633 271
77 130 331
691 761 264
780 793 314
677 986 39
213 854 66
258 292 3
77 354 243
593 634 780
613 948 212
605 752 346
39 87 945
342 563 226
239 792 89
247 295 426
696 815 259
872 957 171
24 58 525
194 200 711
489 601 505
362 631 47
740 898 262
197 259 507
451 543 606
799 839 569
192 386 332
213 928 13
815 853 217
342 771 23
30 129 178
108 484 21
143 338 307
629 699 267
412 737 6
6 107 90
503 740 81
522 551 187
302 716 162
82 342 178
425 651 33
343 839 107
59 254 76
502 642 179
420 982 58
369 411 155
530 565 563
99 536 147
80 272 28
494 533 926
86 185 405
622 663 520
41 101 968
239 668 189
176 231 728
311 391 240
273 658 5
357 370 758
366 504 516
863 930 253
828 925 363
196 359 348
654 728 189
576 776 390
272 323 518
678 872 186
50 567 19
55 448 102
742 764 702
711 899 148
23 920 29
438 868 45
114 443 135
927 979 705
917 968 479
5 57 399
766 797 861
327 377 504
807 937 224
77 366 229
705 748 167
396 750 6
276 362 95
120 224 197
396 414 192
102 743 31
568 935 143
477 553 157
206 328 123
112 543 122
518 590 231
880 955 922
451 720 41
69 731 51
366 895 123
323 409 40
925 944 555
118 546 5
200 394 325
260 361 714
728 765 307
474 549 137
601 925 162
195 557 60
352 537 446
198 271 513
394 476 914
361 389 42
765 901 498
57 936 52
341 733 212
890 931 585
747 764 757
768 939 94
287 311 373
657 832 149
743 818 393
517 524 664
255 483 332
804 859 64
44 406 216
343 709 217
93 456 118
898 907 878
258 360 595
232 905 77
524 597 707
69 93 682
223 288 974
134 478 186
676 790 212
425 430 674
247 479 321
278 577 25
254 387 503
303 794 50
710 748 372
236 525 83
247 550 106
655 816 56
634 645 960
261 480 342
104 147 746
697 802 580
204 842 113
367 422 582
152 173 594
264 464 407
77 102 241
311 673 194
160 543 196
124 415 242
539 816 212
572 890 88
254 358 16
96 114 517
575 686 115
491 533 390
415 513 75
663 745 770
489 514 223
404 444 304
756 840 776
253 337 799
609 679 274
565 676 594
732 966 325
600 884 41
35 293 50
684 722 936
383 390 996
206 490 81
766 812 596
641 841 255
201 405 108
465 690 104
760 785 804
632 993 93
252 395 573
240 590 32
619 1000 106
160 166 213
106 928 31
226 507 34
290 487 140
777 843 349
782 908 651
245 357 610
934 960 715
903 979 846
548 684 386
137 577 188
759 771 247
411 849 159
773 790 380
659 671 877
22 191 486
477 725 292
493 586 781
392 489 355
865 975 151
364 725 147
470 569 284
328 387 702
447 537 285
325 923 112
495 603 658
611 680 64
54 115 285
455 513 713
839 856 264
153 203 269
907 912 541
797 873 843
641 689 504
260 346 315
209 691 4
322 424 629
60 307 245
121 236 487
482 567 975
456 545 544
501 564 92
82 424 105
193 256 207
237 750 146
396 538 379
757 952 209
253 362 536
585 888 61
159 230 204
527 756 147
152 165 250
860 930 782
179 487 114
797 908 36
837 983 450
104 900 101
478 693 130
89 477 192
10 175 494
508 933 176
696 759 27
6 269 154
371 579 334
850 940 538
323 382 299
60 222 277
647 715 791
960 968 574
745 864 624
491 986 140
17 334 90
141 165 909
661 918 191
796 802 959
88 389 13
859 958 78
577 716 541
172 280 658
107 192 220
92 149 57
228 399 328
745 870 527
460 930 171
8 50 67
666 725 66
235 368 353
134 216 74
77 159 117
813 968 113
185 927 67
205 256 618
359 514 427
670 829 247
348 500 425
309 895 48
232 491 30
331 686 154
18 166 430
67 790 78
23 77 88
457 785 162
812 877 407
14 656 33
937 971 765
260 601 96
478 973 79
39 281 278
338 487 247
705 799 241
323 434 504
494 504 14
218 549 152
314 398 826
118 717 88
560 804 5
309 693 106
577 652 743
760 828 519
1 144 125
649 695 989
522 971 108
859 927 865
787 840 227
696 730 584
886 966 284
85 162 380
412 811 152
230 517 241
613 729 375
176 643 39
958 997 242
355 679 222
325 407 753
881 951 862
387 546 170
627 660 422
640 678 672
380 477 492
537 591 315
577 623 259
482 500 71
10 482 155
307 668 141
790 936 184
425 601 445
78 950 95
564 615 414
19 160 397
769 924 263
153 256 149
405 498 431
685 934 182
215 382 452
3 120 109
870 887 624
5 500 55
228 244 619
504 993 100
610 780 362
33 188 8
358 414 970
387 494 679
237 299 446
288 318 400
377 591 94
477 636 475
897 928 316
414 502 720
326 343 2
617 642 87
516 733 219
131 342 356
158 283 322
598 916 25
74 282 224
83 383 135
626 798 366
131 227 768
237 726 126
813 874 686
299 380 783
334 389 260
211 923 15
623 903 65
210 312 151
70 75 323
155 192 96
762 830 88
745 815 760
148 322 124
334 497 188
563 600 674
70 791 46
345 366 875
588 630 30
891 934 669
309 812 56
530 609 625
284 714 192
32 440 102
493 664 172
359 551 335
544 597 122
759 816 315
344 466 529
231 274 577
29 260 93
122 236 97
311 341 554
607 681 226
182 718 35
593 800 167
19 403 188
754 814 442
668 689 237
671 891 182
728 800 959
29 203 125
79 671 100
324 622 109
174 411 96
156 336 128
49 916 77
615 663 531
333 658 119
395 506 388
431 521 783
663 889 28
568 658 407
221 273 893
370 840 83
507 897 160
485 972 162
374 432 59
472 518 589
210 373 116
853 986 246
25 224 357
771 934 431
369 535 222
283 557 221
101 352 289
85 266 55
103 211 348
8 18 85
255 613 127
713 756 891
179 289 673
493 696 148
207 782 139
956 992 1
672 741 198
420 679 108
50 121 696
275 326 406
150 194 834
882 914 850
462 796 181
238 344 32
168 345 14
176 316 188
439 534 178
448 528 362
129 210 339
235 526 176
128 137 487
431 550 122
60 129 251
118 337 278
664 885 369
488 627 308
381 490 599
312 590 95
853 888 835
382 714 26
263 269 103
80 186 621
987 994 207
40 386 123
574 605 902
141 211 285
918 987 75
371 924 71
281 506 108
110 210 763
199 204 772
373 517 342
696 876 36
857 886 935
394 559 452
627 711 821
876 988 106
297 371 774
65 265 142
12 253 324
701 821 476
251 721 42
35 836 51
137 760 16
666 704 745
496 579 269
345 521 218
610 640 34
469 797 134
64 174 460
309 786 17
806 933 266
108 916 95
240 588 189
795 903 534
323 603 247
140 701 143
194 244 792
66 155 822
894 979 464
122 163 684
759 978 136
934 967 492
31 99 734
231 264 418
502 531 75
654 763 58
843 856 508
438 502 943
130 653 34
273 476 75
453 547 458
617 632 434
536 687 55
156 259 290
467 686 337
95 120 68
527 734 194
742 838 541
152 234 292
564 644 678
590 726 209
71 408 101
333 922 118
884 1000 595
511 878 70
96 189 416
595 777 62
113 556 65
72 251 324
567 761 180
243 439 226
122 242 107
203 369 234
20 38 618
903 985 699
637 647 617
966 1000 486
430 464 848
857 894 423
489 499 14
633 642 161
31 690 98
842 949 50
222 805 8
775 925 3
479 896 146
510 572 275
368 975 14
812 865 650
127 230 559
451 630 91
485 922 158
228 456 247
521 643 338
201 488 265
80 219 31
527 575 898
836 859 726
650 805 28
32 174 177
815 823 896
606 644 910
2 46 600
337 442 498
603 660 352
776 873 624
228 325 315
85 322 273
369 888 83
706 771 571
161 318 516
68 82 343
277 318 535
919 957 708
689 735 929
467 827 104
833 959 284
514 825 23
182 403 73
531 580 773
917 956 212
816 923 531
97 861 86
121 218 75
459 559 406
628 769 108
224 264 467
128 857 48
590 681 633
386 436 563
592 759 361
97 694 86
623 716 337
412 568 125
673 872 283
370 840 48
160 321 435
621 646 843
124 296 410
321 592 80
34 123 91
540 632 846
478 714 114
684 706 694
260 413 293
744 777 818
59 713 125
188 268 777
284 308 181
278 328 484
322 425 362
544 940 140
125 199 374
106 639 40
482 699 45
507 528 383
193 289 519
608 658 601
287 759 19
88 615 125
918 989 199
8 352 191
29 941 86
145 590 99
22 601 5
423 484 412
25 148 603
550 691 158
187 432 93
726 846 680
594 926 202
446 842 177
561 659 710
874 931 435
630 807 377
95 133 852
69 313 331
751 800 254
158 233 438
791 846 322
175 282 430
391 437 208
673 891 37
121 218 214
494 660 198
472 726 116
464 781 175
189 488 67
564 610 969
527 545 958
474 508 435
594 878 7
2 86 187
708 788 698
284 785 123
207 401 16
509 554 599
442 744 75
253 519 177
151 222 256
313 556 36
400 405 222
326 888 33
28 152 526
507 620 673
813 946 563
553 565 35
318 349 831
540 740 332
699 885 382
47 60 797
532 909 134
482 702 172
663 666 657
655 709 176
76 152 499
234 506 31
406 565 2
549 879 87
572 711 383
104 686 59
504 775 33
327 419 838
700 717 648
893 947 372
524 909 187
214 601 43
624 740 598
9 70 947
837 886 156
301 967 112
987 997 253
333 587 33
503 755 309
388 500 294
182 398 229
643 672 842
467 481 40
447 545 781
754 836 612
751 995 157
138 308 422
172 197 401
585 711 613
168 223 49
734 860 354
492 554 103
188 207 194
266 561 200
349 493 1
79 390 36
669 766 333
464 864 36
230 515 200
478 647 441
310 517 205
276 282 893
238 295 781
766 852 161
328 507 295
880 937 593
434 794 138
491 555 699
481 820 74
626 645 679
187 292 219
610 737 140
259 296 628
94 557 17
219 377 507
20 51 434
547 657 428
383 501 662
755 805 498
946 985 55
863 914 165
475 488 193
696 731 817
742 907 372
70 158 843
826 840 199
320 336 994
445 579 328
594 714 103
223 248 741
590 619 596
448 788 236
275 851 77
690 755 462
249 261 453
92 103 990
791 844 596
581 736 42
41 754 43
305 396 799
582 640 349
559 672 177
79 335 26
872 953 697
920 960 721
553 616 317
342 410 936
177 185 779
103 303 116
919 973 623
161 516 222
562 617 881
261 711 83
881 904 162
418 901 132
845 920 992
566 579 513
439 528 94
539 603 119
361 394 225
288 494 51
269 494 190
56 138 45
313 383 10
823 903 614
137 799 85
608 692 606
791 874 691
931 994 595
205 510 149
216 350 424
297 637 157
800 864 167
89 237 23
132 169 654
99 812 68
741 951 290
486 537 716
640 799 162
222 283 556
85 252 361
268 760 65
776 922 259
237 267 4
631 644 601
670 743 676
12 28 799
29 996 4
107 684 20
219 387 318
153 399 274
474 698 88
712 815 30
63 73 967
950 977 980
112 310 388
358 424 235
598 609 781
928 993 297
373 733 191
552 662 325
399 449 995
595 668 853
593 606 21
57 283 364
596 977 153
96 420 41
43 154 186
176 356 99
948 980 512
390 395 872
374 524 303
122 140 239
826 887 990
786 829 314
517 562 695
193 241 560
19 784 79
206 315 521
81 224 438
269 512 274
744 791 274
774 839 522
364 643 62
687 982 168
750 954 259
509 580 454
384 407 335
629 869 177
419 634 268
601 687 452
630 865 293
599 876 1
360 514 404
609 860 192
790 937 88
844 922 782
556 820 41
645 685 432
674 774 306
97 107 120
467 599 494
222 344 98
191 216 596
62 386 189
216 311 570
594 680 702
294 368 537
632 974 91
514 566 182
745 832 44
318 580 77
297 312 66
580 699 318
869 900 460
418 613 355
534 684 360
640 935 162
557 824 113
540 595 378
143 201 918
283 405 546
246 497 55
645 986 148
129 781 117
640 828 23
152 377 212
241 765 152
968 989 598
530 568 927
437 463 646
634 977 191
396 867 62
59 700 8
245 978 42
550 591 731
230 708 122
203 642 36
306 384 133
235 354 137
507 789 134
363 455 524
69 126 367
778 808 220
675 748 421
33 800 55
41 151 299
652 682 24
348 416 341
187 506 135
277 788 117
852 866 310
861 915 579
526 589 413
227 483 30
545 775 224
824 839 965
348 493 185
776 810 425
327 640 146
281 664 84
947 984 743
621 660 47
295 406 317
245 530 19
69 353 215
27 365 71
353 548 123
279 457 152
692 722 18
620 811 38
432 797 176
473 602 81
552 800 55
528 546 502
548 562 445
170 189 811
103 243 35
107 353 296
884 989 248
810 951 303
335 441 191
153 186 315
686 738 854
587 620 378
706 955 17
696 717 338
283 424 263
293 531 134
228 382 23
548 575 80
344 374 264
167 194 596
474 681 308
691 843 333
31 395 196
22 432 172
387 938 117
813 901 268
147 748 115
852 919 4
685 763 650
132 178 140
141 712 74
729 849 413
326 353 351
791 872 499
339 384 524
196 363 340
633 693 588
338 344 932
167 177 4
583 730 462
584 603 291
308 690 140
758 838 525
163 462 155
835 899 917
781 963 281
844 957 226
82 162 639
812 861 152
528 661 163
37 96 749
722 951 211
166 322 485
48 502 1
477 516 142
522 861 201
157 366 324
750 858 334
690 758 191
381 480 787
327 652 110
747 775 373
772 900 462
669 853 394
422 475 753
41 960 77
159 788 19
490 551 856
355 438 299
542 977 35
226 315 738
555 905 201
349 475 324
170 978 45
86 685 124
84 299 108
95 639 114
194 915 5
855 943 258
450 598 461
469 571 740
495 651 170
462 655 75
499 604 381
82 252 272
209 510 102
338 396 631
6 325 24
529 586 531
860 923 35
751 801 702
506 676 80
123 423 192
442 541 744
697 768 358
436 588 294
738 851 670
840 929 687
48 348 173
522 639 461
819 893 972
402 764 155
851 970 483
605 660 868
97 106 60
701 833 477
194 335 521
8 204 116
614 625 319
276 536 91
422 647 201
149 314 332
365 675 130
801 881 970
489 571 548
689 877 261
350 410 286
378 897 82
88 473 164
581 705 255
623 658 425
47 58 281
518 647 251
696 885 130
82 351 81
48 100 604
224 434 220
698 861 254
645 656 538
490 804 210
631 649 313
629 746 478
605 744 245
755 799 100
239 427 358
338 352 304
359 539 97
902 940 534
549 755 226
93 201 118
438 765 51
137 148 283
551 879 151
961 974 776
528 796 138
5 240 12
658 862 181
51 288 287
461 471 623
816 993 217
422 566 272
445 476 44
664 734 697
274 358 640
295 406 99
173 191 395
586 939 82
201 285 257
497 529 569
46 57 869
413 472 179
392 667 183
833 928 737
395 486 465
195 291 336
146 491 85
20 41 450
376 702 201
518 645 474
489 935 73
687 828 352
220 692 18
880 898 917
209 308 780
504 534 710
554 758 31
866 976 157
271 379 107
290 423 62
98 235 328
555 565 873
501 524 847
582 616 280
721 847 621
378 575 235
528 775 250
652 779 217
808 947 187
732 895 288
187 247 196
546 698 535
638 680 596
467 654 330
933 943 223
469 979 46
525 662 317
784 921 586
81 588 151
180 238 191
745 868 439
25 68 558
876 964 273
180 872 44
493 592 774
807 959 391
105 180 931
516 817 106
22 426 41
533 916 63
771 780 856
166 221 14
48 548 138
215 379 299
169 291 323
246 497 68
171 182 74
832 948 49
667 834 172
226 418 294
775 859 519
247 393 317
861 957 146
597 717 489
291 400 98
526 571 404
945 991 873
199 804 85
268 376 419
303 330 735
130 430 84
414 809 205
314 943 19
497 520 91
210 221 230
564 579 761
211 277 175
437 467 533
32 92 389
446 471 280
35 401 138
992 995 494
844 906 805
622 765 347
560 616 81
690 957 112
810 923 47
412 931 148
669 928 61
531 679 354
207 291 902
37 484 149
457 781 253
332 525 288
411 469 221
513 868 164
790 962 319
598 612 786
937 940 227
155 321 432
936 967 932
32 291 226
495 528 692
335 711 137
738 815 543
548 929 160
765 989 262
149 495 190
410 584 37
726 962 45
139 150 872
108 440 167
555 644 116
345 416 50
133 347 255
762 785 193
301 330 88
414 609 294
682 782 623
502 505 873
813 873 77
76 83 614
360 595 119
425 491 648
403 696 48
778 864 21
343 513 365
348 460 161
787 908 326
166 223 270
156 293 166
102 956 46
176 963 11
101 243 248
227 254 37
618 629 493
290 992 50
248 254 59
787 823 894
605 673 180
445 558 549
458 461 523
297 368 402
461 589 64
87 141 358
287 391 648
917 972 342
556 620 846
760 775 531
793 824 84
282 286 777
683 909 63
720 749 716
251 633 88
700 787 185
703 727 872
98 153 553
571 628 918
411 494 552
359 717 123
360 787 31
316 621 214
443 531 397
701 708 177
33 227 253
58 242 187
77 905 92
93 132 226
483 617 612
408 585 122
760 805 275
237 406 275
73 903 8
385 695 18
401 485 520
460 573 353
792 835 928
122 221 326
369 449 776
665 862 139
18 768 87
94 547 168
340 387 650
387 816 16
195 403 91
189 307 671
416 717 94
431 482 387
848 893 855
558 585 20
123 567 168
577 755 155
263 910 42
454 696 158
607 690 667
415 519 438
371 523 251
444 551 665
210 311 513
400 729 90
786 910 617
216 500 49
491 614 415
772 963 248
466 971 71
439 526 508
429 699 3
134 308 345
744 912 185
657 806 143
62 195 48
215 473 257
124 808 42
31 237 246
648 741 231
636 667 652
1 338 51
300 989 23
584 599 851
205 229 706
330 531 216
167 503 70
176 746 118
355 376 138
65 253 420
309 365 232
194 292 554
216 285 729
302 966 46
828 972 308
118 169 707
611 780 231
391 610 176
472 916 106
803 884 704
415 542 475
454 465 102
740 796 283
408 490 799
460 739 214
400 488 680
746 783 909
280 502 311
143 397 1
453 611 358
761 980 202
866 877 492
440 494 771
358 638 291
401 488 649
754 950 251
265 525 5
104 125 516
121 308 312
593 620 279
192 219 913
388 671 226
163 383 352
264 777 34
629 708 71
716 838 92
495 611 263
147 274 271
90 121 802
422 691 275
82 530 39
768 843 117
672 722 64
773 923 552
704 826 116
972 996 771
452 652 368
609 835 191
581 618 3
469 791 13
252 335 298
833 904 478
11 304 90
358 624 222
611 753 322
347 498 243
754 776 229
6 167 472
373 906 81
761 847 135
164 231 766
314 421 403
435 721 20
454 903 138
118 981 20
371 384 585
894 915 64
465 716 158
40 395 28
839 920 607
518 626 443
857 865 349
173 463 243
271 536 304
70 171 433
576 745 377
88 101 470
555 608 93
35 87 77
624 782 470
444 545 566
476 681 75
921 961 58
522 823 187
769 1000 235
411 494 190
396 438 614
890 976 460
420 619 280
297 374 629
721 729 497
768 772 848
645 823 165
257 526 286
94 299 138
149 152 105
659 857 109
73 194 22
264 540 13
366 719 60
664 969 79
122 331 372
39 569 141
462 726 241
719 789 456
386 415 956
214 266 543
958 996 426
112 120 389
874 885 71
770 991 140
357 417 901
590 974 198
404 482 369
25 77 127
697 873 442
265 525 264
62 103 102
186 426 68
145 220 617
357 560 256
582 840 208
325 720 39
316 921 103
225 291 191
250 301 880
562 692 21
259 327 18
864 940 902
209 383 243
638 819 54
105 473 107
463 640 412
639 701 887
900 910 90
780 831 563
842 996 499
830 878 714
748 782 600
151 508 194
238 267 217
73 322 261
462 877 36
293 413 324
663 870 175
245 297 221
290 333 817
605 663 5
12 300 144
65 285 371
430 941 114
612 655 68
761 789 289
368 816 6
731 865 335
167 871 49
42 855 33
586 804 99
583 680 128
51 448 46
769 811 425
663 845 154
199 634 39
51 395 213
147 747 122
818 845 555
244 308 502
895 981 898
141 237 861
434 507 251
967 989 634
373 390 728
460 786 245
421 844 196
606 676 195
682 742 838
838 940 745
833 999 6
324 482 481
151 157 548
205 379 253
731 902 153
354 467 561
313 410 757
698 769 714
210 470 202
494 839 140
530 540 574
421 965 72
2 790 6
88 141 884
149 294 38
540 548 690
374 455 304
821 895 182
39 135 225
756 780 287
860 870 866
700 769 361
579 680 41
674 791 574
325 506 74
358 412 160
64 682 112
142 909 18
937 968 904
260 337 734
905 927 6
206 287 233
493 547 12
570 660 572
275 325 58
690 793 312
599 740 256
476 515 708
136 244 674
741 813 164
771 939 142
268 816 97
838 966 408
50 329 134
313 338 710
172 248 165
14 153 225
428 586 520
754 783 474
102 107 159
266 598 87
370 448 901
68 314 151
737 923 439
78 111 309
495 742 60
532 637 260
155 383 175
100 345 40
432 627 60
241 355 360
691 705 681
354 409 430
678 961 181
248 690 56
282 472 323
517 546 889
537 964 153
443 553 470
4 123 105
621 734 691
125 471 216
270 293 689
678 872 39
296 605 61
862 921 461
170 270 29
95 179 704
334 458 422
315 444 196
272 660 147
595 695 817
6 776 50
216 357 170
328 522 362
595 846 168
650 882 39
666 675 655
198 714 31
868 895 180
214 773 42
680 722 283
693 860 20
199 409 294
391 666 61
527 552 420
637 722 594
873 879 788
758 914 419
476 512 610
688 769 430
292 754 168
495 882 4
533 647 292
501 607 543
34 113 162
92 355 250
345 449 351
709 817 453
376 423 583
422 852 190
442 464 153
551 647 525
342 431 171
223 730 42
437 701 167
216 393 421
25 172 132
754 777 544
818 829 738
635 684 726
663 721 984
400 876 13
672 867 246
374 420 577
403 613 390
181 309 150
575 711 532
21 278 260
331 499 128
216 723 119
294 940 49
57 226 331
495 652 301
20 86 900
173 259 91
143 418 83
820 974 409
295 314 193
445 603 12
874 939 775
610 695 535
722 817 505
177 226 766
225 296 815
78 104 830
397 405 768
342 425 719
641 699 213
870 976 30
475 488 715
346 393 409
97 185 108
173 284 447
450 748 51
324 746 126
32 311 171
190 796 30
326 788 40
323 591 127
372 731 221
167 437 186
146 256 735
448 454 406
709 774 72
261 309 27
643 737 827
90 280 15
784 787 802
741 748 274
118 211 336
591 633 999
500 695 143
317 751 85
67 489 29
730 763 79
98 186 281
200 314 321
408 659 113
234 288 194
241 248 655
131 197 815
17 538 11
551 777 127
846 973 605
433 546 3
287 362 27
65 255 360
735 748 866
28 645 5
74 913 92
389 579 248
9 23 381
831 948 198
337 363 579
171 202 465
592 937 156
728 732 586
578 752 69
398 432 444
465 681 23
945 960 947
439 572 129
375 724 212
235 480 56
146 842 56
731 748 193
113 333 351
262 410 312
230 715 101
793 865 369
314 396 169
523 937 148
686 719 603
560 894 111
611 730 208
840 995 447
589 821 103
637 888 64
285 425 454
594 861 11
915 931 797
60 690 5
128 449 57
439 761 15
800 832 99
566 618 549
360 763 166
617 652 373
110 157 594
81 156 902
824 871 339
473 581 510
401 532 244
417 540 201
888 896 675
166 252 713
226 586 204
869 984 161
645 692 733
606 698 769
595 750 428
406 840 159
620 768 32
14 37 79
235 277 179
684 813 35
149 162 776
787 873 512
769 908 537
22 79 780
78 309 138
497 651 272
661 747 690
334 340 294
349 589 244
499 632 344
500 823 49
506 518 536
430 573 362
269 431 467
683 924 265
589 623 466
793 844 975
297 548 295
422 474 124
287 986 79
65 155 914
646 882 16
390 897 15
285 464 268
792 834 574
612 685 515
168 954 73
500 768 106
216 285 487
678 799 448
22 157 86
466 845 200
607 732 446
271 496 296
52 424 35
679 743 494
156 795 21
272 819 22
437 458 871
86 112 852
270 273 99
506 581 873
8 192 203
246 554 163
308 486 267
570 859 126
199 294 524
596 675 406
499 847 221
244 329 420
638 776 247
512 615 664
499 719 241
433 670 206
672 710 187
274 310 953
753 763 809
765 907 224
804 947 248
183 315 385
14 190 447
613 991 190
883 987 513
127 155 435
787 791 492
161 524 114
15 69 4
239 776 143
7 543 142
622 671 285
780 895 582
371 598 223
722 830 557
534 543 536
727 741 429
26 336 250
276 605 182
770 816 711
570 602 789
485 633 81
673 683 955
573 585 805
19 440 62
239 529 46
47 78 450
344 423 113
283 360 245
614 906 129
257 337 746
884 898 759
59 320 98
407 428 877
463 996 143
732 812 37
678 694 372
287 676 142
367 446 765
595 945 131
294 343 996
24 132 749
123 760 85
444 614 472
187 378 119
571 693 568
190 675 108
170 374 407
789 918 585
111 328 315
367 435 442
971 1000 548
670 708 80
495 535 27
424 869 27
745 878 129
65 171 321
44 131 339
679 799 415
850 879 33
530 586 436
419 461 80
693 771 956
171 260 90
548 894 107
275 284 662
486 994 7
111 642 77
327 677 151
26 546 116
864 933 310
82 92 808
282 363 688
193 208 820
904 945 689
479 514 418
181 261 676
892 909 380
649 697 412
431 486 541
23 75 953
689 698 977
371 904 68
9 27 227
157 314 9
532 586 821
561 983 191
618 725 61
563 710 189
592 624 404
354 436 153
428 798 196
7 335 50
433 987 142
18 35 275
258 479 114
839 858 252
165 239 729
210 645 190
466 552 582
783 983 291
58 316 278
604 800 102
756 764 944
255 445 11
92 387 260
245 273 444
417 449 887
613 630 331
286 651 132
317 703 167
600 710 625
649 805 241
395 661 135
557 788 97
270 718 86
805 870 525
804 961 400
539 656 235
707 971 278
60 72 707
40 183 301
118 947 71
341 695 26
771 852 788
705 860 214
715 737 238
96 933 30
651 691 751
382 400 942
4 374 151
733 892 517
365 944 77
596 615 108
53 75 538
193 567 190
590 917 124
554 864 78
155 652 67
74 462 30
467 742 295
181 339 100
57 562 52
199 756 84
94 199 687
715 904 256
402 552 467
290 632 230
747 839 606
503 714 353
312 448 400
9 69 107
801 819 502
430 635 221
925 951 70
150 362 65
475 936 55
299 509 196
206 737 22
722 902 166
406 969 97
510 550 560
114 560 166
200 409 111
195 345 376
602 681 984
879 962 655
646 859 265
808 969 237
63 440 7
530 538 889
541 927 197
79 352 18
948 963 18
410 418 730
160 385 209
753 780 187
654 806 219
494 573 454
17 259 11
128 349 121
10 201 161
141 288 562
505 880 25
608 751 139
685 813 541
180 359 317
508 549 13
382 445 622
559 824 268
30 89 909
699 704 148
543 620 496
367 728 28
294 396 400
819 850 379
502 798 162
106 243 361
11 346 185
502 703 336
232 255 852
509 951 169
762 928 86
13 102 364
59 221 117
59 523 128
353 513 13
40 63 638
338 877 7
350 495 215
474 687 321
197 232 470
526 788 77
458 506 365
115 218 252
450 462 26
702 723 493
710 791 772
72 304 138
413 423 327
132 206 788
785 799 648
19 308 246
476 925 5
412 967 55
815 913 531
437 647 215
531 591 25
193 293 234
700 849 294
657 806 363
247 256 288
759 838 352
674 949 52
42 217 396
141 976 64
382 422 928
243 442 124
595 824 360
250 287 237
529 713 8
529 858 172
488 527 440
169 214 258
36 96 22
185 551 70
488 607 213
682 741 350
47 468 17
696 768 183
770 926 503
588 927 10
225 501 260
107 165 663
84 122 769
570 584 839
628 917 135
290 428 487
243 485 206
559 662 421
476 850 149
257 434 210
868 951 820
591 672 754
614 726 14
223 334 661
288 416 86
702 718 774
337 616 14
531 924 192
10 489 115
129 462 186
483 585 288
152 336 9
245 462 133
76 540 161
230 273 48
558 719 312
41 616 107
646 666 566
910 965 868
757 800 319
524 693 144
56 124 154
254 395 68
936 952 831
261 401 291
96 129 234
302 426 575
519 636 29
625 658 130
338 486 166
465 735 144
113 378 267
51 441 70
451 684 150
460 692 133
505 926 115
60 150 718
215 251 64
305 355 91
424 500 23
787 923 177
799 922 383
132 905 83
342 372 376
102 184 619
722 825 623
17 134 352
461 543 982
439 736 19
108 320 174
251 328 6
150 307 200
905 956 118
732 811 274
301 619 217
82 387 139
887 910 112
542 624 523
263 714 45
402 433 448
357 504 563
386 647 108
432 757 226
161 291 370
462 545 146
532 618 809
555 829 200
496 641 190
251 526 143
102 264 350
310 392 295
823 901 693
112 157 414
895 941 403
494 924 69
793 943 21
777 816 747
82 722 25
493 888 35
711 793 710
828 898 609
853 977 534
546 965 34
332 357 571
47 481 163
790 991 230
543 697 6
748 793 920
689 759 713
774 883 542
480 509 893
253 418 214
400 582 400
203 611 146
187 667 5
135 761 97
582 655 921
663 714 472
804 949 572
656 869 260
567 668 83
826 999 374
816 912 593
744 796 142
27 172 31
568 585 347
589 696 686
214 450 273
525 829 141
570 806 224
497 530 103
452 623 93
208 394 316
306 382 63
22 557 150
212 569 107
246 481 195
466 600 207
814 894 955
286 539 168
296 544 156
402 593 172
87 234 221
437 529 321
489 567 311
255 334 471
381 488 100
472 755 6
34 274 318
333 388 792
2 874 28
122 128 101
430 631 137
221 340 565
424 712 85
715 801 306
554 639 145
388 525 196
296 307 438
300 579 160
42 145 276
417 693 138
519 559 627
615 903 279
466 524 606
680 790 495
8 86 140
471 559 514
221 344 646
384 393 913
377 841 68
377 624 195
212 511 225
560 657 402
82 156 635
536 780 38
757 782 83
522 701 146
259 942 26
329 391 664
408 718 151
640 741 620
343 420 830
720 794 916
131 242 697
553 569 959
748 907 183
854 938 953
742 890 71
364 413 563
297 375 307
466 735 117
708 928 49
402 478 140
809 873 897
811 873 546
470 911 170
902 973 475
190 325 617
404 454 824
922 965 381
24 80 537
930 942 105
556 571 117
535 596 762
118 339 75
722 779 378
144 227 166
456 589 395
72 116 835
532 556 883
413 530 534
127 176 41
750 834 430
107 190 876
638 719 969
849 866 160
858 901 85
100 178 251
617 634 687
503 603 209
51 105 801
214 281 505
85 533 142
51 639 131
288 364 582
96 340 319
306 616 145
639 698 571
496 728 297
508 671 168
149 299 164
359 830 142
221 473 88
313 347 786
759 896 105
130 902 103
766 879 700
529 654 235
367 498 125
212 300 47
375 460 424
557 687 200
329 451 109
703 813 74
371 466 568
323 647 212
595 689 447
436 482 58
440 541 59
280 484 259
564 593 572
355 408 739
696 774 945
139 457 146
135 229 606
292 450 240
453 944 129
28 348 111
80 226 310
523 713 38
196 426 169
373 404 694
62 638 102
450 589 132
882 909 265
379 680 186
583 757 330
977 993 584
925 960 140
748 760 368
617 641 259
531 563 979
268 344 899
775 828 369
34 110 745
632 831 367
21 89 696
858 878 208
326 397 578
712 874 323
247 393 51
61 110 527
558 862 85
30 630 10
973 980 294
477 480 243
498 573 780
360 419 77
742 803 685
225 268 256
823 902 605
161 631 60
587 712 17
928 987 395
710 740 576
399 758 106
47 262 56
174 389 210
398 520 51
447 645 16
235 444 363
174 240 400
80 703 122
172 178 657
724 848 251
554 758 264
368 415 64
885 920 567
272 816 45
544 876 216
608 965 136
547 648 266
85 154 248
698 726 324
703 899 54
81 131 45
151 200 80
636 884 325
934 967 811
357 426 710
725 944 110
760 797 761
477 499 150
251 661 142
410 679 14
500 669 13
499 573 298
905 994 745
236 477 224
798 805 669
493 501 943
854 879 131
153 933 21
509 641 125
392 514 516
311 476 307
702 712 993
274 404 527
743 967 11
449 543 876
624 947 88
187 281 638
625 773 345
444 623 227
182 322 29
442 537 536
184 540 107
274 345 575
855 896 283
865 986 517
30 189 186
511 705 210
508 619 732
466 715 84
551 601 219
105 840 3
287 811 113
304 758 146
590 861 19
365 390 953
512 696 18
61 387 136
357 634 239
63 83 639
258 313 603
763 884 454
133 226 175
754 807 88
34 249 1
395 572 270
432 483 425
216 799 34
189 535 29
887 998 306
124 261 428
831 904 434
342 453 231
678 740 555
397 996 43
310 399 158
247 372 586
285 366 711
542 909 207
883 915 895
59 134 148
331 828 112
31 583 85
11 118 601
578 730 279
189 511 90
657 986 96
90 116 616
122 197 339
739 785 387
311 882 17
282 633 49
318 460 406
29 228 251
89 899 68
447 524 297
826 912 351
124 240 535
294 835 10
112 382 179
129 173 941
160 264 5
145 298 496
228 428 366
332 712 190
343 843 137
491 710 279
39 372 58
118 253 24
423 546 254
284 929 54
92 213 500
342 379 186
331 362 813
243 328 403
84 118 188
985 992 865
147 153 637
488 667 183
44 518 167
141 448 143
580 633 56
920 939 373
265 582 221
239 282 435
352 795 49
811 996 317
617 745 387
697 756 211
395 567 163
336 344 885
167 276 682
964 997 803
307 438 368
729 838 429
110 282 195
300 861 7
507 633 289
605 666 313
888 923 443
218 573 61
380 543 254
596 606 560
773 999 15
434 616 2
22 70 949
303 390 371
442 681 175
709 858 136
374 898 109
514 771 180
4 31 651
657 767 587
583 586 704
128 259 248
259 269 369
469 672 205
777 889 420
145 199 756
943 995 428
496 743 194
387 896 61
546 585 47
302 558 119
331 573 115
362 428 230
582 810 352
622 714 884
184 321 355
475 612 386
212 300 938
857 926 558
290 633 223
694 906 340
524 750 266
65 563 166
267 817 24
142 177 288
408 411 3
78 228 216
578 814 282
84 142 979
222 393 9
50 756 2
716 871 129
147 491 205
810 912 551
595 604 993
580 769 253
483 564 424
495 577 26
144 240 42
388 509 437
411 470 84
107 645 70
36 160 469
373 693 245
440 784 24
591 657 53
200 282 396
801 926 331
553 755 338
762 962 131
314 443 52
539 814 117
988 993 577
239 445 148
622 650 205
796 854 707
2 455 104
558 601 231
568 708 132
535 849 60
521 560 927
582 652 228
214 294 689
38 239 204
209 318 694
590 992 144
541 584 937
591 800 349
69 122 298
462 843 204
36 90 465
804 827 658
118 422 37
845 915 458
119 632 156
622 637 150
94 254 414
129 500 18
623 820 233
606 833 216
208 291 125
146 307 220
386 487 441
573 846 160
619 656 781
601 962 96
725 836 669
621 745 569
11 208 102
548 1000 138
67 164 381
117 151 781
440 496 607
19 708 59
65 720 72
194 197 767
86 186 377
378 668 274
606 696 558
742 998 6
182 477 14
860 952 661
164 232 548
281 352 420
140 177 32
570 619 870
12 124 409
474 615 418
207 230 905
330 378 847
71 209 594
295 518 110
169 694 105
503 718 186
573 596 551
449 728 212
457 471 371
324 604 60
207 315 282
88 402 131
343 446 777
777 979 340
80 321 295
747 887 53
247 334 43
603 619 14
827 882 229
909 970 342
159 164 653
484 526 656
675 690 33
101 131 65
188 293 274
359 844 71
287 328 232
543 560 56
647 690 687
645 753 173
378 424 328
243 268 254
211 220 768
282 423 227
402 743 75
133 200 888
246 716 47
749 920 308
802 949 441
469 491 783
256 671 157
95 126 299
429 700 143
481 819 238
137 234 176
143 260 177
218 547 54
271 280 551
359 396 259
34 58 457
275 588 92
447 510 561
221 620 70
27 65 786
64 176 362
217 930 114
204 618 37
504 589 126
638 809 324
737 763 505
141 151 606
529 673 513
224 953 57
471 996 45
578 811 80
554 708 31
222 238 140
333 357 675
508 900 186
155 252 601
457 821 129
422 866 154
24 183 370
543 833 104
917 969 804
719 738 24
399 506 608
17 887 47
767 846 329
8 916 58
244 291 998
827 839 296
571 578 569
440 775 104
739 810 188
2 71 613
706 801 129
723 767 94
89 303 109
753 798 57
404 418 695
478 579 124
297 718 148
321 990 120
497 550 885
755 759 832
837 841 530
573 720 36
612 979 187
317 326 177
87 94 101
391 486 593
685 840 265
864 978 603
331 359 377
881 982 342
216 901 55
363 458 325
10 39 989
568 652 523
678 894 103
402 510 580
7 162 294
79 113 443
203 357 427
130 656 28
338 746 138
202 784 110
125 226 516
429 548 149
645 762 622
538 732 362
231 654 102
2 584 101
435 999 11
198 432 214
420 746 236
240 288 334
82 221 167
573 734 225
514 944 22
584 683 748
194 304 454
69 88 734
89 234 228
491 618 608
643 689 369
67 650 75
155 357 329
5 47 965
112 149 852
154 202 470
588 704 467
907 958 58
826 913 864
667 835 340
810 820 295
126 514 81
534 706 369
557 601 122
648 778 546
364 774 179
45 96 817
747 929 235
202 263 983
458 537 670
834 986 348
223 542 98
487 590 488
579 909 160
856 898 212
460 485 920
635 642 988
759 787 841
58 108 313
93 155 171
400 671 22
106 380 60
567 639 181
807 827 383
421 713 26
831 913 342
86 91 816
248 296 76
334 485 307
709 841 72
82 984 13
303 768 68
141 604 23
425 518 239
533 660 217
939 955 651
946 961 18
249 367 581
251 358 670
739 863 609
473 810 110
736 825 398
265 708 35
260 265 717
658 672 175
270 291 682
448 515 262
32 997 53
601 684 121
475 597 127
254 362 45
769 798 800
230 633 171
807 951 500
198 624 58
960 982 740
346 350 147
275 383 345
305 992 115
488 580 485
282 867 110
403 423 210
408 436 855
62 152 172
786 798 183
97 351 32
666 839 100
171 230 48
551 657 364
306 829 108
282 693 85
367 580 120
191 251 313
512 647 214
219 938 112
195 222 739
345 387 794
728 988 229
660 757 381
158 231 521
888 900 263
40 295 30
767 916 429
458 972 10
465 474 187
79 433 219
430 514 740
544 670 434
328 441 568
607 786 140
669 710 282
445 929 78
1 609 23
122 394 63
863 963 222
251 275 417
540 562 366
615 790 26
447 650 170
190 408 156
830 868 14
386 824 98
38 279 229
447 777 163
170 396 9
29 509 6
574 948 133
183 524 174
424 472 713
644 710 843
871 983 551
915 989 779
7 10 590
858 998 336
222 520 200
434 846 108
829 921 246
343 367 876
302 380 325
334 455 204
113 447 124
250 660 176
582 606 569
572 670 566
73 599 12
874 956 336
251 556 180
183 237 323
369 530 214
919 931 802
96 450 230
648 979 54
534 709 332
315 433 5
682 748 868
638 755 636
682 737 14
436 748 44
771 798 854
180 314 548
780 839 251
30 634 16
721 772 597
198 784 52
252 376 622
744 759 476
436 612 115
44 473 20
160 415 226
385 423 822
118 728 42
486 526 461
528 916 170
763 791 885
870 896 252
800 910 522
759 994 265
476 915 13
138 225 140
400 548 210
335 684 142
518 525 245
187 528 224
686 884 364
768 906 171
600 973 182
754 848 623
378 550 100
576 881 208
822 893 82
138 469 49
280 773 72
130 605 103
392 493 454
70 121 239
412 423 586
104 403 131
726 834 133
877 902 733
368 443 323
646 727 835
134 461 98
406 952 50
205 255 387
804 844 893
482 645 114
831 942 564
670 830 180
363 399 648
169 398 88
384 395 586
494 575 960
905 930 400
2 194 401
391 401 778
292 406 499
118 587 24
321 650 55
402 525 406
662 996 190
505 763 69
82 155 40
25 146 102
702 744 881
287 995 90
377 386 39
465 578 496
625 717 321
135 630 19
320 457 50
163 395 109
277 362 511
80 953 30
249 318 634
720 907 125
754 968 111
514 715 247
534 623 927
122 444 130
109 387 42
741 873 101
257 268 729
218 236 753
251 523 284
603 755 88
276 459 437
10 393 31
442 575 445
160 247 99
120 905 81
582 640 612
149 328 278
622 871 140
53 80 774
685 810 646
537 641 317
853 872 566
768 929 498
352 362 182
614 929 63
245 944 37
112 716 117
474 492 923
169 380 393
477 506 387
764 896 507
444 602 499
175 662 76
115 990 63
556 590 384
704 720 503
358 482 441
556 929 36
496 946 108
192 683 72
717 809 639
90 159 980
393 513 620
866 972 293
410 858 159
565 760 245
145 730 74
154 269 622
203 854 26
670 720 739
157 288 633
401 501 527
339 451 311
270 563 136
41 675 120
439 489 88
766 938 347
818 863 19
828 937 56
65 115 383
409 478 735
470 585 481
780 843 261
475 540 131
87 252 143
688 801 78
505 578 593
681 900 249
285 296 528
475 918 178
462 777 83
489 584 252
278 500 259
344 398 752
138 368 225
353 631 215
757 950 384
351 429 564
847 942 377
270 361 357
402 773 72
434 520 373
233 499 180
179 589 128
269 308 923
95 384 206
694 886 258
22 71 846
917 923 567
877 977 460
230 824 113
342 349 176
790 987 114
715 784 441
509 541 705
273 514 98
952 979 568
732 997 145
467 653 350
149 441 243
960 998 844
660 911 236
904 977 297
644 707 514
294 377 523
60 94 488
54 974 14
548 768 237
227 326 143
407 465 185
211 476 188
59 176 660
521 617 791
874 908 324
316 542 52
770 812 908
119 260 181
209 342 285
507 603 9
729 898 71
477 498 645
486 501 658
107 137 79
631 647 558
620 960 9
288 369 161
254 358 471
580 753 296
159 312 437
405 427 982
247 652 142
154 709 137
195 350 177
348 377 996
804 809 158
352 367 297
580 586 506
698 827 238
769 932 493
347 740 170
482 867 10
200 228 785
33 93 673
153 280 593
496 586 900
264 272 41
351 458 93
199 524 21
251 338 649
404 553 433
602 668 997
256 846 16
847 928 994
617 620 523
62 573 96
433 573 373
477 651 68
939 991 365
96 104 771
392 405 895
301 324 793
30 47 763
897 977 588
154 857 35
133 267 458
948 981 96
900 985 842
358 569 181
326 608 279
821 884 273
114 224 30
61 122 797
231 983 22
36 124 583
548 678 98
488 697 168
438 586 55
365 577 278
41 209 217
210 724 53
491 619 304
488 510 150
567 616 912
858 906 569
183 229 37
291 330 262
742 865 15
593 681 899
22 773 6
190 335 380
758 901 91
378 536 435
530 577 348
168 687 33
436 917 95
460 551 39
61 178 402
590 739 410
622 724 120
273 535 38
409 465 703
196 281 785
28 402 81
783 889 615
503 640 339
33 146 286
474 808 244
232 690 115
503 590 250
687 764 398
313 625 114
128 255 401
176 248 27
434 573 517
281 799 66
793 975 375
786 855 537
764 891 106
230 922 73
605 624 369
218 463 317
620 912 16
877 896 606
221 512 126
455 845 50
215 510 168
388 933 18
316 375 416
819 843 575
84 626 74
737 907 151
283 361 71
64 658 32
65 100 540
116 455 215
176 510 117
300 883 102
47 554 142
22 45 209
7 28 304
58 151 479
879 886 153
366 523 487
656 666 282
626 721 225
171 266 95
888 919 14
197 229 764
256 268 824
271 790 9
773 801 232
334 887 98
436 440 868
409 416 278
410 504 493
41 779 50
45 157 590
421 483 374
158 764 125
850 964 636
188 209 185
675 696 15
750 856 686
348 477 97
674 1000 19
257 971 70
784 962 357
323 858 94
334 479 107
801 931 113
611 670 603
254 344 598
118 752 123
127 153 484
61 70 748
608 613 782
364 406 139
427 653 91
739 791 849
136 189 195
65 230 240
683 820 85
374 386 544
894 938 680
518 617 397
695 807 713
293 569 10
60 83 304
484 820 43
590 896 93
161 451 220
325 338 580
281 309 822
458 475 354
424 721 181
587 645 83
37 634 10
550 586 738
759 795 545
418 527 39
271 552 251
848 998 174
255 311 325
444 545 798
802 913 691
829 957 75
560 585 886
714 799 11
130 900 65
540 828 51
465 499 247
618 761 361
574 628 68
727 785 196
573 866 234
940 947 374
148 384 45
579 620 979
124 135 214
420 543 33
112 138 878
587 723 392
293 483 218
254 324 366
491 571 44
615 907 123
116 142 885
378 532 145
608 618 221
355 958 115
243 483 196
217 433 258
215 381 320
842 951 510
474 633 242
65 80 862
934 942 153
122 147 679
282 980 54
694 766 239
147 302 225
407 452 373
609 784 11
208 951 28
654 718 757
484 552 773
76 102 651
441 771 12
226 868 4
623 838 80
162 195 759
694 853 315
134 450 96
217 393 58
460 908 100
382 393 713
770 940 41
731 831 105
361 390 157
764 991 135
9 253 123
628 785 464
253 290 797
607 686 618
549 799 298
359 536 148
541 639 815
502 843 201
388 726 27
424 749 63
518 807 124
453 522 498
402 944 113
311 337 216
256 708 30
271 792 83
490 595 261
597 764 263
847 881 276
328 553 328
35 563 111
517 526 277
689 696 351
60 267 46
68 151 526
889 941 530
775 807 540
382 940 148
95 175 705
742 870 298
507 582 46
608 756 177
463 493 27
303 359 599
865 939 771
791 856 432
869 887 52
483 540 168
65 245 5
672 693 8
290 453 461
571 862 217
248 316 867
187 447 185
732 861 464
302 884 24
597 696 613
684 909 31
123 861 76
107 182 887
185 572 125
172 276 60
26 244 108
432 726 224
116 386 173
501 627 360
87 204 244
535 623 270
566 583 735
92 258 329
444 684 329
840 918 582
463 500 304
654 795 181
91 242 420
152 235 188
52 192 88
666 812 105
494 962 174
841 963 318
755 841 848
205 252 518
5 320 22
509 957 50
688 756 455
605 970 73
890 904 692
828 997 16
285 605 26
354 671 135
80 108 223
408 870 99
420 564 514
135 948 65
294 862 29
726 742 194
640 776 557
198 235 139
818 874 882
897 951 631
671 674 241
119 304 395
169 307 163
712 806 467
48 348 190
299 306 333
461 553 438
479 975 64
606 811 86
225 325 537
9 76 445
389 469 220
400 529 496
126 251 371
854 939 505
332 677 75
285 632 117
542 720 259
305 378 145
217 597 48
215 718 10
475 780 18
755 833 148
744 765 331
807 814 315
608 692 617
27 251 347
216 269 694
262 768 134
316 340 800
269 514 10
199 227 23
165 207 399
788 853 470
409 608 330
633 842 345
600 955 40
610 932 94
547 630 126
895 968 704
330 907 95
229 454 201
175 182 562
353 396 337
117 326 229
705 821 566
808 911 58
727 948 226
43 144 91
138 473 111
712 724 984
273 303 904
640 926 84
35 111 679
873 919 984
181 224 607
53 105 277
614 638 880
526 583 441
49 298 261
201 425 258
282 367 951
236 451 188
219 833 101
657 806 385
665 705 892
287 320 392
330 521 364
293 433 492
117 627 6
780 981 363
92 96 214
59 471 199
657 674 58
887 946 546
132 174 358
210 336 618
639 848 299
505 516 407
17 675 59
525 740 11
614 918 56
86 420 92
47 315 17
31 388 77
104 110 266
536 928 26
830 837 390
722 754 691
104 446 225
549 560 438
664 831 72
688 752 430
371 665 5
224 595 14
595 781 396
28 209 450
163 282 459
345 558 389
245 490 336
364 958 61
2 243 341
507 605 585
491 686 39
495 701 344
313 355 479
198 732 136
383 518 488
817 999 148
582 728 387
312 673 114
822 873 324
474 688 340
5 247 86
149 236 149
288 782 90
49 840 105
531 536 569
412 461 866
219 300 59
746 831 558
650 756 317
521 548 880
933 959 832
754 779 801
861 926 831
346 463 566
165 363 33
856 883 639
620 678 966
331 663 24
747 800 359
212 290 546
136 257 175
534 684 539
929 996 585
548 591 208
76 162 574
259 302 684
165 292 506
147 399 71
543 640 241
434 978 123
439 519 633
413 563 248
678 893 345
567 690 47
892 935 472
46 692 94
224 339 112
196 336 260
794 877 424
846 892 443
393 448 176
467 659 4
47 230 117
463 571 132
606 701 383
372 622 319
667 729 410
594 689 765
801 905 610
404 756 190
558 994 90
201 235 870
598 634 591
459 501 683
135 188 906
875 937 634
25 308 287
448 790 24
213 288 194
918 945 152
10 523 21
77 482 143
727 947 181
956 977 88
112 746 74
131 137 304
654 677 778
933 962 230
443 518 754
89 266 378
