6250
142 284 253
94 716 64
178 247 300
228 255 679
191 258 17
558 623 201
506 533 885
474 617 93
83 149 292
78 699 111
465 521 938
4 162 50
741 945 259
138 266 528
109 400 41
178 504 4
40 119 137
399 506 187
334 495 164
303 660 34
114 193 415
181 232 389
843 982 531
73 252 417
808 881 508
258 748 75
550 687 439
805 956 116
913 958 689
353 432 155
385 773 117
681 768 682
474 520 939
388 830 154
91 194 468
316 709 171
120 793 102
436 785 174
424 471 860
62 162 686
218 317 611
869 929 139
589 629 904
351 424 382
395 908 111
406 457 934
509 801 50
17 420 142
574 737 32
549 787 285
737 824 727
152 798 29
398 490 89
149 183 86
82 99 63
180 279 779
216 637 124
541 851 241
397 606 85
892 981 433
533 947 30
78 98 591
827 887 415
44 80 157
150 575 107
93 100 21
928 995 598
412 527 448
67 333 173
361 425 616
419 459 791
453 508 65
252 318 254
99 913 22
448 514 169
9 115 79
227 484 260
129 298 184
541 610 927
129 206 166
738 823 386
94 690 36
536 616 490
20 420 145
745 893 430
615 977 137
11 101 588
675 717 698
279 373 623
515 582 884
15 763 16
175 279 725
59 366 246
422 808 48
111 482 24
873 983 706
333 363 351
645 788 444
287 441 248
520 637 105
70 117 276
559 739 18
68 247 195
537 881 147
205 541 236
274 279 854
73 257 291
878 973 862
749 782 658
102 163 724
177 429 303
422 442 418
238 822 117
499 523 641
169 204 86
607 666 41
27 238 290
538 869 144
53 368 137
671 735 460
325 376 243
597 727 471
621 627 807
412 533 243
619 734 546
327 404 528
880 961 326
741 796 349
244 974 9
590 665 107
536 655 470
67 448 200
47 419 21
134 400 288
169 733 76
299 327 964
65 136 816
545 638 67
243 292 396
481 711 322
902 953 603
143 284 243
119 193 45
408 906 40
325 343 820
537 578 687
331 414 371
656 950 98
393 477 793
956 977 172
190 467 188
865 996 107
571 955 202
622 899 115
114 799 86
165 349 392
961 983 581
101 130 506
549 656 565
544 681 223
599 643 932
401 429 353
302 490 222
367 436 844
101 185 775
122 784 51
87 673 53
535 588 211
443 446 686
415 848 167
538 976 82
880 895 553
461 542 764
44 233 329
153 464 190
77 117 885
395 443 463
332 465 43
94 187 79
514 914 66
248 409 352
718 997 237
656 789 286
456 531 583
252 260 275
684 763 203
420 460 90
793 874 385
329 738 168
631 858 362
450 522 373
213 742 115
42 87 600
946 998 108
318 336 686
520 596 15
386 472 420
650 750 430
709 733 143
265 507 157
454 511 322
879 949 501
442 819 166
736 835 123
686 908 360
179 256 942
539 567 926
63 463 33
112 242 148
910 913 852
195 581 75
118 947 75
324 460 100
403 430 351
282 467 378
831 905 211
237 248 210
332 619 151
933 993 568
586 894 195
290 729 81
147 240 317
404 549 382
606 716 432
75 175 123
457 974 40
613 819 43
376 843 104
55 927 38
329 359 915
307 588 66
593 695 22
677 821 239
687 799 271
693 814 149
509 637 385
217 907 24
244 413 229
470 583 295
555 666 447
192 266 917
224 924 6
184 851 80
832 874 270
610 672 705
214 498 19
144 297 226
849 867 61
567 780 114
572 792 21
55 254 150
688 851 164
658 842 291
661 738 491
4 87 610
603 781 170
136 336 56
311 968 32
1 300 241
171 623 149
94 464 83
147 647 96
564 697 398
296 513 343
192 287 260
466 519 186
232 386 475
507 564 804
580 665 281
182 976 33
782 944 501
417 649 25
76 565 138
711 945 90
696 720 386
164 177 650
553 829 152
276 281 691
117 336 366
532 903 153
153 665 76
613 700 554
414 619 163
806 921 676
408 548 170
414 515 805
787 793 505
537 793 319
361 818 99
55 103 782
209 977 7
432 550 186
195 223 493
511 857 187
301 345 670
64 80 63
390 430 930
531 607 628
306 588 251
192 939 51
114 224 150
442 954 4
141 232 238
100 639 149
530 812 205
233 706 48
382 493 632
720 840 202
52 67 986
925 968 84
410 456 256
278 365 123
592 720 22
352 515 504
315 711 166
522 695 6
863 968 659
376 395 211
661 916 276
148 161 420
720 815 144
600 722 355
181 539 229
501 561 348
40 114 877
513 530 455
644 717 673
410 625 382
344 389 100
171 627 93
233 906 91
350 354 685
202 271 572
567 645 353
96 648 55
60 161 47
357 573 332
253 623 123
840 850 362
293 923 5
58 230 71
534 574 514
363 817 41
162 266 723
183 351 440
510 606 742
973 978 880
2 284 40
507 541 202
104 160 282
447 571 7
864 965 302
801 809 378
126 301 75
701 806 540
356 437 441
416 485 811
792 896 715
651 729 116
764 816 851
209 388 324
597 654 793
157 608 8
612 770 89
709 930 288
525 589 42
66 198 178
383 578 233
130 438 137
269 334 25
597 777 460
515 531 95
468 740 103
306 604 242
293 739 164
475 664 360
147 273 497
338 364 126
202 526 234
733 976 144
38 52 660
344 395 33
222 358 124
566 711 360
57 288 320
363 681 8
357 895 47
221 290 884
808 897 764
610 712 501
591 773 53
557 603 43
710 720 105
95 136 982
568 874 100
86 430 138
810 981 241
590 720 215
65 87 73
335 684 6
382 537 247
606 653 322
13 87 317
861 882 316
619 925 248
356 453 536
398 644 295
577 598 455
217 368 149
622 822 186
109 207 737
137 371 39
353 436 51
441 593 218
195 505 187
333 512 99
372 962 5
292 320 744
702 966 77
612 927 44
664 890 188
150 479 239
373 727 165
586 861 233
241 332 98
542 656 141
234 498 129
508 904 39
733 741 354
970 988 79
198 511 189
206 370 297
350 516 439
278 281 917
499 671 411
340 476 372
211 457 139
143 750 136
805 849 802
262 553 20
186 461 262
158 180 268
382 413 984
55 165 201
313 592 234
275 351 438
8 82 913
194 945 55
258 336 85
648 659 936
426 633 121
308 425 609
62 185 523
609 674 648
468 637 336
83 805 104
386 554 113
81 758 47
488 658 433
606 723 149
514 763 286
963 975 287
385 458 250
230 496 114
808 910 602
937 991 806
477 543 712
275 473 2
50 129 401
556 662 742
827 839 192
630 778 110
219 467 245
523 603 197
370 609 315
103 304 277
256 550 264
746 928 216
686 836 492
8 298 256
760 882 75
730 978 335
350 545 131
72 362 248
702 977 225
76 95 344
196 709 27
561 847 56
642 730 858
423 948 129
322 479 300
70 311 188
308 333 951
100 392 57
277 508 25
104 547 183
147 277 211
817 920 556
207 770 115
816 963 494
247 779 129
94 368 61
779 858 886
631 743 299
312 626 158
97 146 752
57 78 251
19 318 109
165 455 154
376 456 275
509 757 10
351 424 393
673 767 390
419 474 812
469 498 263
430 493 164
679 766 657
325 407 415
60 151 577
232 588 47
769 776 157
71 74 452
517 551 858
382 465 23
654 663 967
29 484 95
699 753 557
241 740 1
872 893 616
395 438 136
331 343 505
220 488 281
709 904 134
319 367 923
523 900 208
252 332 689
657 687 866
449 555 23
936 997 106
347 577 235
125 997 66
828 971 554
789 902 114
236 293 596
81 745 108
12 19 997
319 831 40
529 576 50
654 866 231
432 571 145
376 419 185
421 448 3
791 879 816
299 361 752
153 283 212
577 598 292
254 648 112
70 725 112
612 963 212
69 467 113
89 535 168
348 437 779
140 936 53
233 403 63
20 203 242
495 547 705
51 214 4
770 778 188
121 175 997
220 356 68
551 784 216
40 174 95
175 339 454
798 921 249
189 574 205
435 897 62
265 307 112
398 667 33
715 952 85
551 627 841
764 818 825
959 969 607
425 604 410
680 890 89
96 322 316
695 745 869
381 458 912
773 841 877
379 887 3
577 624 735
288 559 38
210 328 85
252 821 119
495 536 348
261 524 13
134 953 38
872 992 222
502 831 166
232 243 461
887 934 305
32 209 203
449 503 991
379 788 93
303 338 373
24 52 867
630 690 960
154 628 57
349 416 91
296 375 442
97 410 134
214 795 113
41 175 185
274 382 190
37 74 644
198 821 13
99 196 528
102 486 49
34 79 991
518 620 728
424 983 41
384 444 262
48 63 102
796 838 504
732 742 598
366 920 55
59 80 684
613 628 719
418 705 83
191 245 287
591 604 774
136 532 23
684 754 975
197 447 42
692 715 696
644 705 457
151 503 128
896 984 22
86 440 23
106 187 228
91 919 70
885 891 907
116 196 602
706 744 153
419 612 340
125 277 33
52 72 356
186 242 66
284 342 62
91 153 419
311 838 24
119 626 153
583 668 209
310 519 54
620 685 620
727 839 619
225 322 781
691 758 917
615 688 348
587 717 542
410 720 125
266 702 72
265 345 981
202 552 19
438 559 305
527 720 24
856 941 406
464 500 998
378 438 157
613 655 594
723 757 279
115 370 193
105 217 579
87 842 106
471 609 170
280 453 383
433 468 408
560 595 6
147 814 26
133 229 382
827 942 229
771 825 422
483 542 789
12 90 964
827 842 969
472 856 17
703 869 378
969 977 920
676 691 855
203 210 735
54 120 38
504 620 420
358 711 116
180 641 55
475 569 547
485 565 288
743 800 263
174 925 40
223 265 695
53 568 158
84 700 38
46 203 379
541 604 410
118 827 96
667 697 971
173 187 448
870 930 352
577 639 746
376 886 88
461 560 457
182 977 88
25 230 296
520 853 84
680 872 191
3 317 176
70 171 796
723 787 394
603 619 537
680 745 677
42 329 271
380 654 187
269 328 943
643 655 812
795 847 443
219 347 101
145 208 773
476 852 137
160 220 999
476 578 299
704 808 569
169 889 27
68 156 828
474 502 510
21 329 94
289 380 422
500 506 862
22 133 13
21 623 6
266 352 468
372 728 33
533 700 353
22 881 10
133 695 77
102 826 9
111 650 86
648 746 231
108 123 679
641 694 980
761 868 665
839 975 363
595 618 407
150 234 70
242 746 50
154 229 127
669 765 839
179 265 588
345 593 111
375 395 243
885 911 127
245 533 258
97 249 81
424 444 144
142 280 590
382 414 860
346 350 934
439 525 209
267 698 81
620 864 169
53 74 270
265 991 72
447 526 722
447 469 899
219 336 6
49 214 231
40 111 46
246 265 379
534 788 227
571 985 63
234 343 467
362 815 109
649 885 185
474 850 58
929 967 500
471 552 984
353 773 2
106 219 258
98 357 131
492 515 706
647 872 232
790 942 67
436 503 905
110 162 572
657 673 774
636 671 639
492 963 4
888 906 420
96 393 112
271 668 161
619 702 204
285 564 180
204 868 49
195 392 44
115 210 768
470 760 196
810 853 175
494 616 568
445 633 19
668 719 655
709 823 252
742 753 65
622 634 471
759 766 268
304 374 22
489 532 699
274 726 142
810 942 15
283 775 115
415 518 364
69 986 76
717 748 951
21 175 221
370 404 97
265 750 117
713 914 270
213 278 66
352 395 239
430 487 572
68 880 73
547 663 638
859 914 382
962 965 226
140 260 321
589 612 288
397 407 353
216 339 372
309 387 951
219 281 184
35 872 4
266 530 190
136 381 168
422 699 123
320 339 537
190 299 238
330 464 606
605 772 351
19 590 21
691 757 758
519 674 193
820 828 210
161 866 112
597 888 260
158 276 323
252 291 34
498 711 94
752 997 57
317 358 937
831 971 10
395 425 4
949 1000 888
737 765 636
103 256 113
35 139 376
799 995 389
661 847 388
264 368 75
826 865 819
530 580 153
585 673 32
965 968 207
286 539 277
39 81 221
554 575 779
329 493 328
263 293 917
462 582 123
409 500 715
807 847 117
356 427 735
536 987 40
38 187 384
148 924 72
336 434 251
513 520 442
663 723 911
29 686 2
324 474 513
659 856 72
185 393 278
34 213 365
368 578 77
236 653 171
195 291 720
898 944 994
532 550 961
478 527 386
491 973 51
72 826 77
617 625 168
234 342 225
253 664 6
348 578 93
504 844 7
564 918 181
444 511 954
247 722 47
513 874 68
19 616 81
178 795 57
205 256 441
108 217 172
900 951 180
612 794 152
547 578 359
63 108 477
460 620 256
101 570 138
2 126 168
678 797 240
643 766 94
44 391 67
75 263 333
602 631 583
19 75 419
39 316 280
778 915 523
598 887 43
207 276 467
515 780 172
473 947 163
910 960 749
95 946 19
72 448 104
2 186 250
210 303 201
553 780 74
571 631 304
742 747 852
799 871 225
657 939 220
519 695 393
714 729 576
336 576 20
452 570 159
87 150 458
289 319 72
372 754 196
265 548 183
129 240 676
799 924 36
454 700 62
453 758 159
292 555 278
581 989 60
679 924 194
641 791 466
221 454 325
471 533 721
700 796 263
527 824 98
164 211 187
215 758 109
300 410 40
792 937 336
512 731 344
405 488 230
533 597 658
302 330 596
90 147 109
624 740 386
429 485 60
696 920 139
31 168 390
564 630 37
442 817 8
475 729 317
287 338 206
25 687 87
887 914 560
783 836 689
180 605 132
593 859 22
771 856 640
612 984 187
217 541 61
10 814 57
751 846 668
367 782 40
158 381 355
100 161 192
439 506 162
105 270 45
742 804 644
299 356 361
389 422 436
259 336 953
173 240 941
929 959 164
611 954 185
438 523 862
151 203 630
249 363 612
288 674 142
532 599 124
515 602 316
154 188 446
561 671 619
88 106 699
161 230 83
508 540 495
505 558 706
356 617 163
539 559 556
449 495 615
617 754 230
66 210 201
497 553 541
926 989 452
299 322 734
669 727 791
403 452 144
636 653 986
270 367 632
115 228 314
103 309 199
355 603 106
187 535 193
66 556 41
177 217 393
606 919 196
82 172 57
641 690 885
183 377 355
504 976 142
4 374 34
105 361 89
739 783 694
736 827 558
502 564 139
62 522 131
351 532 433
627 903 14
173 721 16
245 351 692
310 747 83
621 801 66
405 458 643
538 697 140
176 284 657
103 110 419
444 530 563
803 880 677
671 878 95
583 655 536
425 588 57
390 925 121
465 567 400
768 803 419
844 891 677
4 58 884
831 937 151
145 213 272
295 358 474
826 879 415
474 874 41
158 613 51
324 427 173
560 617 381
467 588 153
519 750 180
284 568 167
564 657 644
374 900 81
12 16 403
89 888 38
876 940 343
806 886 387
460 786 163
597 975 215
571 672 683
843 937 250
296 343 266
151 328 426
14 445 5
210 271 521
192 408 353
417 498 149
890 964 707
279 359 890
222 579 67
91 898 18
357 510 367
116 217 714
32 966 61
460 511 254
91 778 109
343 382 411
106 204 440
590 858 169
146 387 290
801 964 3
144 192 44
822 880 340
671 721 61
243 309 800
610 906 148
309 551 220
131 204 565
222 531 49
328 363 341
644 988 56
47 580 128
17 214 416
388 999 62
206 325 371
160 178 64
216 827 52
719 782 686
210 321 448
636 779 166
572 922 236
530 826 108
827 920 270
966 997 177
185 548 20
600 963 35
584 620 835
291 708 24
246 628 191
495 643 517
552 774 185
873 971 669
16 500 137
267 963 72
432 857 58
917 941 41
709 807 264
326 374 1000
474 548 15
680 714 218
476 565 880
25 81 430
44 101 166
849 853 479
119 652 8
45 111 443
82 154 286
394 795 40
375 674 11
337 721 184
626 924 38
238 691 12
455 705 76
633 661 54
430 547 411
86 111 690
464 895 114
83 87 938
527 909 211
140 149 954
642 659 752
100 149 731
756 963 369
601 655 808
215 972 69
139 192 359
562 643 505
386 453 623
845 951 442
81 178 614
199 811 34
632 701 953
241 331 139
859 889 554
363 505 424
360 780 8
702 738 492
166 460 87
883 964 509
569 707 357
53 256 99
674 832 294
476 747 188
790 861 890
404 461 682
187 618 175
398 730 166
510 746 197
375 760 70
573 673 141
128 636 37
435 552 315
70 345 172
706 773 464
219 287 202
266 280 937
32 859 42
221 225 743
103 116 102
159 418 4
572 651 425
274 378 618
752 866 535
7 116 592
559 700 477
398 569 59
354 546 138
842 883 290
709 862 179
76 735 56
20 278 177
62 191 139
190 347 445
908 990 802
530 616 3
57 132 926
647 691 904
325 375 551
439 600 448
339 452 88
862 870 463
38 156 6
549 761 62
439 840 52
562 766 113
498 539 480
800 904 210
117 379 92
84 176 698
96 113 603
118 311 113
55 956 83
334 344 877
787 877 314
322 973 109
359 820 69
453 476 921
790 966 314
96 457 14
192 932 9
375 763 20
455 475 615
29 561 96
568 627 641
89 219 139
364 479 15
69 85 836
93 554 178
201 861 2
783 820 252
799 876 263
73 84 71
52 917 17
657 809 174
680 724 531
548 617 136
193 480 94
375 401 694
177 840 49
81 838 76
767 811 486
270 491 329
668 822 194
104 833 100
599 918 49
117 139 376
172 588 34
334 605 48
479 655 283
372 771 3
794 807 25
27 187 112
207 730 99
172 260 413
309 324 531
317 338 890
257 687 39
370 545 353
501 901 76
94 158 857
154 249 219
194 792 49
441 661 15
143 525 97
141 299 83
99 328 43
72 397 184
686 853 108
329 684 213
460 804 100
335 452 455
366 620 219
643 677 575
695 810 317
710 774 964
953 983 529
516 613 460
604 830 219
412 727 47
421 688 290
192 299 451
356 837 145
386 470 991
352 716 8
511 680 113
481 514 464
236 311 199
157 242 461
652 673 238
206 907 81
135 180 592
398 959 38
172 881 31
94 385 138
112 403 198
115 239 293
567 851 117
583 676 737
389 487 399
629 858 251
845 874 473
282 304 620
512 599 265
395 678 144
352 383 248
109 119 406
123 149 369
16 485 147
116 745 33
466 931 31
133 205 341
17 80 998
445 498 192
525 717 434
737 880 366
686 696 806
113 165 413
258 419 448
913 930 193
431 840 51
235 333 819
267 334 453
618 951 20
442 556 471
638 694 339
286 339 999
623 723 592
409 581 103
65 152 807
103 622 137
808 916 439
465 587 447
474 628 28
549 598 499
306 473 137
174 235 585
43 162 607
738 794 912
422 853 30
175 223 561
815 822 609
534 859 117
411 619 221
273 312 185
241 723 61
35 204 223
521 540 121
611 657 45
441 528 203
176 583 12
567 826 195
504 825 147
448 567 222
283 660 117
583 725 111
250 373 670
555 898 203
852 883 491
280 507 232
321 363 861
811 893 968
155 238 768
566 866 269
906 964 337
501 598 427
776 824 770
450 456 819
104 422 174
514 709 65
500 700 128
206 330 456
840 856 615
266 432 196
304 764 96
390 423 300
800 864 40
508 572 810
612 636 644
468 883 133
458 531 333
374 521 536
402 412 121
302 435 502
178 408 11
331 920 74
103 328 263
378 427 644
56 83 339
387 535 163
191 211 739
133 308 223
285 337 218
254 310 148
545 724 358
471 946 36
285 319 525
132 173 528
626 842 221
502 772 100
69 415 180
84 126 171
292 299 229
327 392 70
385 879 47
24 137 550
110 819 16
41 124 913
570 899 205
83 189 410
12 398 67
19 80 789
643 725 738
324 540 278
773 794 511
550 564 267
97 210 149
571 695 277
688 793 433
188 292 322
166 311 491
557 868 5
418 586 410
282 457 40
568 648 521
803 954 434
275 427 373
25 193 45
121 532 31
651 897 80
136 980 15
231 657 187
127 377 21
13 183 121
31 441 46
133 329 61
480 537 982
330 408 44
460 913 44
732 837 653
66 86 253
674 747 938
52 118 408
367 543 468
208 681 102
53 432 48
539 682 546
456 589 406
86 327 141
66 189 657
106 240 149
291 421 619
191 254 177
174 396 361
556 790 21
202 280 817
725 889 257
462 480 279
268 927 19
70 821 59
253 585 135
805 929 308
567 610 941
178 196 937
6 495 165
148 752 4
360 404 763
617 876 126
785 818 974
183 435 245
732 972 74
684 764 106
942 977 658
788 852 238
864 936 911
520 816 42
208 985 5
567 671 517
655 800 129
829 848 133
6 152 268
215 971 1
472 625 43
278 292 640
561 639 353
785 844 462
247 473 51
529 872 160
618 679 195
435 796 210
521 667 506
145 305 136
370 458 270
248 459 30
11 640 64
260 315 854
141 629 139
283 325 663
772 821 676
61 94 342
56 99 692
621 796 248
549 961 66
536 584 267
160 201 578
394 726 72
673 695 976
586 592 35
136 398 295
344 461 417
249 255 408
795 863 240
10 525 73
307 344 602
320 362 342
758 874 342
25 432 43
461 536 724
33 110 800
186 348 131
288 341 12
55 479 154
54 504 19
702 936 152
37 847 58
183 626 19
415 519 253
91 257 186
62 202 476
602 892 266
19 128 581
439 502 865
216 230 905
108 867 36
787 904 241
127 888 42
132 140 387
772 972 54
191 419 257
831 863 882
205 363 100
565 699 369
45 276 141
301 356 996
651 787 161
759 796 70
794 823 250
379 494 581
829 878 71
210 352 20
262 967 20
404 702 26
264 344 531
267 759 70
734 862 527
255 673 53
249 331 494
504 672 456
484 673 296
190 313 414
373 715 203
393 573 17
80 202 61
189 202 200
906 913 64
200 858 120
808 919 173
726 797 112
164 276 460
654 743 332
474 913 29
187 220 68
174 248 295
270 532 55
124 199 183
386 497 597
37 107 896
857 894 542
876 960 691
940 989 636
323 578 262
690 738 684
240 427 280
416 558 503
661 849 302
577 655 994
488 495 563
693 881 21
612 699 78
866 1000 619
833 848 355
234 540 241
674 775 186
503 673 383
289 800 27
2 341 158
505 864 131
212 233 15
681 694 878
379 412 87
161 261 370
297 614 73
824 957 351
241 661 98
32 87 873
218 252 182
276 497 167
372 953 43
762 915 32
747 943 154
4 284 25
320 455 219
693 846 512
619 747 631
712 799 755
525 669 290
646 700 578
590 620 509
433 447 347
163 356 301
144 221 616
503 582 490
143 355 87
672 706 118
785 853 413
39 612 37
624 896 93
571 623 691
294 304 885
149 502 20
196 593 65
859 964 621
480 652 422
728 838 54
18 885 64
548 761 37
484 561 510
847 967 226
578 601 39
376 441 577
55 430 49
580 607 369
765 892 90
645 685 864
64 638 141
388 814 142
765 887 556
851 941 849
344 397 218
278 912 16
523 530 727
55 545 148
250 310 730
671 818 503
583 868 68
99 278 102
310 429 567
495 813 115
166 248 540
304 732 96
553 801 54
676 705 937
33 43 914
291 379 476
717 724 683
120 522 67
354 424 90
274 728 91
270 508 13
216 578 82
413 447 10
272 439 387
195 240 95
121 237 365
202 415 148
334 415 212
215 248 900
49 143 640
843 943 617
362 472 84
625 783 125
579 595 507
20 988 66
61 143 325
189 270 741
318 667 195
22 53 402
565 959 74
422 507 69
867 891 921
644 797 143
472 587 715
771 847 644
41 194 360
126 157 922
317 391 106
311 472 508
929 949 966
668 812 24
539 960 185
898 905 689
349 878 78
33 386 170
525 530 742
874 971 777
234 264 844
254 312 391
884 931 340
343 940 67
41 293 274
223 274 664
545 683 153
847 979 37
448 801 107
14 57 670
340 457 140
498 608 411
467 528 267
763 848 691
131 613 14
288 380 784
290 341 635
740 849 693
458 672 334
37 70 634
786 888 70
92 720 2
767 989 251
2 203 399
886 977 49
613 652 73
599 648 893
206 361 25
114 248 327
574 617 208
439 640 334
589 725 326
289 602 179
150 434 168
642 664 774
185 352 340
247 706 70
41 121 146
628 681 627
689 796 229
597 630 661
294 609 218
137 968 41
598 661 280
646 663 268
327 399 485
301 363 824
162 455 249
60 749 2
197 592 169
37 68 655
305 779 88
586 867 187
625 632 222
105 429 230
6 68 815
602 779 403
476 758 203
224 918 79
63 300 107
895 920 464
516 555 730
715 778 681
601 667 487
8 139 327
591 698 435
204 220 712
582 795 32
362 464 126
304 506 353
525 646 192
81 954 25
233 309 540
557 718 28
600 943 239
215 297 770
660 786 276
27 33 662
726 780 969
31 259 335
169 559 195
357 946 10
144 760 48
757 779 388
831 909 695
349 354 94
377 540 371
321 484 162
843 865 148
608 736 410
202 630 98
272 404 156
1 128 181
254 358 721
787 791 704
329 979 54
113 864 72
73 254 85
763 793 425
228 446 1
218 238 530
515 566 907
700 782 843
837 965 134
608 681 387
70 530 170
363 393 574
669 745 280
671 695 353
374 398 680
420 523 726
19 47 651
320 340 718
521 769 239
681 715 733
152 344 295
387 546 409
25 700 42
532 912 153
230 422 191
459 572 263
49 151 801
489 528 71
543 579 383
334 435 695
547 899 108
50 83 894
468 481 75
880 937 874
427 468 491
925 964 390
57 336 21
288 511 358
487 577 889
175 280 251
751 860 53
153 489 48
45 502 153
593 732 465
259 324 122
666 785 130
452 518 230
528 960 9
568 604 648
462 492 257
107 136 119
107 361 160
610 630 380
921 974 564
682 691 178
202 236 751
316 577 319
883 890 380
671 940 167
236 804 115
538 735 150
815 843 801
592 945 220
11 102 761
623 654 241
127 267 69
140 230 284
257 410 481
2 86 968
21 282 159
14 65 842
619 999 186
815 835 373
106 635 29
134 905 47
225 501 186
198 301 291
717 832 169
812 863 961
213 460 70
696 803 761
255 998 29
644 690 675
472 482 731
268 702 38
167 381 173
250 272 405
440 606 25
135 751 52
519 831 171
16 579 21
661 834 31
73 950 9
601 946 133
622 628 971
409 561 515
122 363 342
309 774 122
680 721 951
45 839 14
61 333 25
221 677 105
469 639 238
137 304 304
502 940 65
84 261 57
349 655 252
605 697 788
739 945 259
628 952 146
759 957 13
669 715 718
340 412 479
278 333 925
646 802 8
242 283 126
51 871 84
221 346 82
489 656 16
502 580 602
478 555 364
539 551 18
790 793 836
137 346 139
279 392 516
697 953 10
178 196 261
30 100 877
374 599 212
811 899 84
642 706 983
330 491 329
351 354 116
547 749 280
656 728 206
414 769 192
318 384 19
725 829 708
428 473 417
379 539 322
663 693 372
134 764 54
269 299 761
524 626 792
522 843 124
742 824 983
166 188 26
541 602 453
271 542 261
701 997 253
50 168 449
755 771 491
139 808 3
92 381 28
226 294 278
495 753 292
7 412 63
333 928 101
684 738 396
69 660 52
276 291 724
983 998 331
166 217 920
845 939 348
611 980 215
124 633 74
84 997 27
303 490 166
370 484 479
711 1000 285
256 432 420
219 395 85
164 406 21
484 633 320
528 855 179
786 827 917
374 516 365
184 236 757
927 966 26
196 451 98
624 687 239
255 465 81
781 846 356
231 764 113
303 358 96
661 745 232
534 635 200
911 980 656
696 700 252
514 534 564
578 609 813
160 304 549
134 336 31
350 497 363
488 597 662
416 514 687
777 802 657
637 727 249
868 893 685
658 678 643
736 917 403
589 733 50
115 130 307
537 569 207
405 413 129
463 580 501
161 251 96
185 278 185
554 627 647
315 406 610
216 519 239
116 297 164
408 914 160
6 872 4
607 759 82
556 586 442
416 817 36
284 754 26
631 706 422
112 973 80
512 764 128
410 414 427
493 954 128
55 103 673
640 653 333
227 772 83
765 796 276
330 432 261
159 243 218
263 580 98
277 608 159
151 160 888
716 807 710
674 783 611
666 834 428
202 242 970
172 212 280
818 874 362
308 341 405
958 996 444
804 817 580
102 135 163
750 979 297
135 408 130
874 933 440
282 321 980
800 816 365
550 623 455
225 326 777
198 205 19
66 531 26
771 922 219
345 418 431
508 920 188
477 554 778
231 303 698
334 352 380
602 810 372
479 678 101
357 384 943
629 671 56
430 534 675
181 905 19
542 568 186
113 131 641
856 919 294
676 739 532
104 180 590
185 773 121
414 842 134
522 659 526
845 933 674
494 586 514
19 969 55
65 385 239
548 709 374
541 662 287
858 977 119
572 717 182
24 807 104
160 238 16
572 633 642
98 131 618
146 165 13
247 657 91
474 656 186
690 787 566
771 989 228
319 362 968
691 775 429
532 936 187
605 634 605
325 334 858
187 909 32
619 630 146
253 288 924
146 682 127
234 524 193
532 803 186
508 698 407
532 860 20
580 645 245
718 727 47
309 331 758
248 268 309
222 275 653
157 224 6
740 882 211
736 771 932
438 525 79
27 846 60
400 534 415
232 552 39
246 460 296
350 390 604
460 476 397
484 539 300
122 324 295
790 818 947
721 806 860
361 486 453
334 768 8
70 139 642
511 609 30
355 395 163
812 957 339
63 891 37
411 427 499
481 751 259
578 877 37
345 726 109
534 752 2
259 847 136
889 938 118
531 952 195
444 604 25
157 620 50
255 276 850
376 466 537
634 763 567
376 865 94
504 842 130
189 257 289
180 312 315
170 330 426
79 475 45
381 679 139
200 484 135
175 666 25
623 973 183
404 472 745
483 523 328
250 291 534
716 720 74
350 809 78
673 747 197
842 904 426
166 260 252
622 944 54
930 958 554
836 844 755
55 512 15
228 456 74
220 529 166
249 936 110
168 733 100
788 866 571
447 560 351
291 330 480
448 551 376
350 856 17
144 471 129
777 805 108
275 735 161
372 793 175
52 170 527
180 248 338
18 503 30
81 898 70
227 298 299
197 328 538
21 86 458
291 633 155
115 500 4
169 232 376
83 388 183
529 851 231
693 724 644
568 868 171
291 861 125
419 857 5
114 249 302
317 588 118
724 877 392
793 998 3
690 693 93
147 422 255
226 418 110
133 572 152
572 597 955
265 510 281
51 73 405
825 843 581
738 976 310
285 341 156
125 438 54
720 877 205
122 670 4
651 727 768
361 381 939
108 179 792
391 657 102
264 557 220
33 532 81
926 966 124
654 666 686
97 416 46
313 720 3
485 802 67
318 578 233
196 333 230
5 174 143
605 863 259
703 826 352
250 578 74
247 703 35
456 727 110
617 679 189
804 846 305
169 380 336
910 966 232
521 545 548
213 228 251
95 149 352
513 575 5
69 176 302
478 651 23
482 669 406
37 521 161
460 466 869
103 717 42
174 402 3
83 396 120
105 378 199
220 444 221
663 793 119
611 701 232
816 824 102
146 169 438
129 444 167
878 976 152
526 566 96
43 458 143
370 444 28
93 426 171
397 470 236
784 810 177
483 669 59
780 804 444
24 566 64
783 791 737
536 614 54
153 170 510
231 333 676
793 815 461
375 484 142
420 465 90
162 689 22
489 546 976
197 229 596
448 481 250
250 317 960
595 741 75
150 235 733
948 963 316
365 846 1
207 524 176
151 418 153
101 545 12
519 774 63
596 903 218
100 245 416
265 329 977
460 541 413
671 752 28
335 376 911
661 816 533
706 806 182
225 318 119
462 516 238
620 707 602
889 928 630
67 159 212
74 174 22
251 277 745
778 786 523
560 938 172
937 945 159
70 234 275
436 483 569
315 413 373
221 361 174
342 620 29
939 962 802
145 388 242
824 915 868
49 394 192
225 240 348
358 632 189
139 198 578
487 564 76
42 537 46
153 194 829
192 480 193
150 670 88
634 776 569
854 941 413
358 409 989
234 468 110
370 956 59
141 300 401
683 947 239
648 762 179
30 68 241
492 577 324
59 77 210
760 785 73
22 476 22
626 775 544
758 916 355
169 285 42
477 493 11
66 96 188
93 151 973
342 825 13
705 878 472
491 799 57
176 488 174
125 129 563
350 534 253
124 370 191
662 692 478
672 864 11
387 405 689
513 924 104
875 990 450
578 606 201
601 666 37
88 210 595
759 800 326
550 725 316
545 582 478
670 673 492
756 762 85
437 651 344
712 825 613
346 413 224
198 582 134
852 948 356
814 965 473
434 609 251
303 341 952
22 85 661
241 299 175
4 214 299
63 566 92
2 950 4
436 600 144
610 762 314
887 975 17
172 398 216
133 163 299
732 852 217
306 586 262
318 540 60
449 800 152
231 306 708
376 391 415
295 618 72
27 51 534
628 813 322
518 654 592
97 699 131
439 833 145
764 819 497
246 276 779
220 464 136
662 920 231
81 700 97
662 717 909
656 863 81
36 396 185
335 460 74
253 382 432
515 524 100
161 184 308
768 884 72
597 654 340
54 424 191
78 84 668
505 573 522
409 753 222
362 703 54
62 282 127
913 928 970
707 852 565
55 140 488
323 681 32
277 382 162
144 824 110
26 281 7
494 994 140
237 512 29
338 422 626
292 461 478
412 459 908
310 746 24
370 466 229
779 915 557
558 613 543
324 742 190
735 880 332
165 199 308
409 481 761
259 354 820
724 818 6
302 332 846
677 701 506
379 464 309
484 758 296
540 628 325
362 370 99
152 518 73
214 217 61
3 480 113
170 209 714
913 983 676
45 178 217
370 401 131
97 348 149
563 663 104
344 395 412
173 212 11
160 560 186
539 798 3
98 114 19
243 285 773
270 338 789
36 228 95
241 466 79
356 856 77
174 390 233
363 840 90
125 292 374
43 97 86
137 204 67
133 235 776
534 837 56
527 692 277
925 933 175
577 638 405
390 635 312
536 790 199
888 954 623
761 873 579
110 952 96
623 718 542
332 367 315
505 832 86
385 836 171
911 925 819
265 420 457
908 915 605
815 876 935
751 880 256
60 453 108
446 675 124
69 93 937
385 809 196
226 256 928
191 361 422
509 527 643
138 305 226
570 589 287
897 913 724
599 640 687
349 603 317
152 343 100
10 59 278
9 57 85
244 316 217
369 544 312
39 86 857
159 267 594
286 360 65
626 784 347
706 788 897
785 866 56
1 469 46
408 452 296
485 919 157
185 644 26
53 209 152
944 969 517
178 530 215
588 790 69
313 356 841
386 461 620
584 969 120
20 191 135
245 673 188
741 839 590
418 474 948
324 650 46
129 526 50
21 224 86
331 707 18
342 351 41
393 643 264
120 202 376
144 277 281
621 630 204
597 738 575
94 127 31
664 710 695
186 824 123
252 397 520
910 932 664
834 863 70
709 727 716
260 442 43
834 891 550
802 869 358
84 942 79
377 486 478
439 458 261
502 818 40
395 533 533
241 945 72
64 157 250
42 191 69
404 482 618
565 643 946
472 628 393
790 973 340
17 167 340
12 37 471
130 353 161
198 686 29
691 790 670
241 434 246
324 343 800
106 575 159
104 737 12
863 893 576
891 972 174
248 670 118
775 821 619
430 868 154
70 155 967
73 365 25
440 572 479
122 218 607
863 920 705
8 293 134
722 756 537
73 263 161
244 509 195
861 864 639
212 576 24
879 896 562
16 156 278
902 958 885
481 914 121
266 387 548
76 122 149
803 952 529
790 836 623
840 875 558
149 704 76
433 735 1
296 466 358
333 746 34
480 703 118
269 468 122
473 532 832
902 911 759
548 659 272
846 981 264
79 177 30
248 520 96
365 379 843
518 591 583
716 836 480
186 946 40
326 377 898
187 502 217
455 620 456
915 959 885
201 743 9
449 672 246
280 977 72
447 604 20
611 735 444
582 590 213
263 810 97
391 394 540
351 743 108
651 666 906
687 974 229
351 369 433
168 412 301
253 298 165
610 996 86
424 690 126
854 942 203
192 453 14
114 667 3
593 727 331
802 828 723
375 689 29
729 831 360
319 436 149
247 335 565
458 507 725
336 461 656
64 579 157
665 697 563
685 838 44
864 904 37
151 354 343
490 630 164
685 726 237
217 291 501
280 586 93
64 141 147
712 728 288
10 271 218
388 771 75
147 735 27
190 579 17
218 743 121
88 968 84
868 941 587
604 935 128
419 575 1
156 274 663
632 789 225
529 897 1
384 496 415
217 237 238
33 361 182
927 967 914
75 94 799
506 565 424
26 509 63
586 652 482
167 287 348
801 997 200
490 876 199
457 484 519
582 876 64
785 934 503
706 712 568
700 916 88
281 353 314
46 441 93
91 129 933
611 698 202
901 983 541
359 761 154
39 532 57
14 87 952
167 238 516
439 968 36
301 678 14
373 828 126
432 547 397
541 560 707
522 894 78
656 822 57
526 534 947
49 672 10
262 330 274
81 401 70
857 969 312
398 479 917
660 974 16
307 328 150
575 669 225
441 591 299
686 872 273
840 914 152
71 75 674
424 526 676
75 160 128
253 833 88
631 634 938
463 532 437
778 812 684
220 1000 3
366 448 291
407 418 541
208 356 553
359 486 632
717 819 710
248 967 99
692 739 158
390 804 60
736 826 24
672 742 853
492 548 78
298 636 201
691 780 780
671 743 647
900 994 433
934 941 830
474 961 125
702 778 780
241 817 53
127 196 568
124 148 739
747 864 283
925 932 930
129 165 91
701 716 326
692 812 262
373 717 196
213 430 82
620 827 264
82 294 214
624 841 213
377 554 218
803 911 238
304 355 636
440 876 155
27 218 262
913 924 5
347 479 359
116 148 753
808 859 674
613 656 283
182 533 211
361 856 8
18 93 652
740 1000 272
650 664 600
58 65 574
373 455 222
375 535 453
678 701 902
509 612 14
203 377 189
264 318 438
441 450 58
511 610 730
388 459 557
405 839 53
396 505 188
73 139 944
765 971 268
559 640 632
188 627 118
198 298 253
115 279 97
343 421 741
477 505 274
418 836 85
359 615 246
439 530 778
301 462 170
60 242 414
666 780 316
325 359 784
27 184 498
307 599 249
267 647 28
767 864 11
562 964 108
191 235 836
412 568 148
434 931 145
500 511 180
218 361 357
59 435 31
336 691 172
659 759 25
1 308 26
280 302 418
27 52 472
77 399 255
244 337 744
324 880 116
956 963 253
230 529 21
695 765 19
686 790 723
339 415 659
124 426 50
444 528 474
170 201 497
13 346 16
564 592 685
14 993 38
374 443 213
303 362 657
131 152 916
4 184 369
304 374 456
838 876 853
45 113 623
524 625 738
289 465 413
296 444 75
630 969 132
766 826 873
317 403 904
910 945 185
842 983 66
718 762 546
632 694 308
145 698 1
370 403 915
273 536 68
229 338 197
850 988 466
378 720 133
701 755 532
7 203 287
458 920 4
79 90 281
789 848 150
204 288 833
199 425 231
284 417 196
523 609 648
643 733 447
388 753 208
831 952 74
176 324 35
323 467 405
287 422 479
203 463 278
26 133 639
125 490 223
169 193 433
411 883 55
48 650 46
144 780 2
97 811 31
117 312 194
349 361 341
710 793 781
611 712 711
859 885 969
295 343 706
287 646 147
74 297 120
543 559 199
90 307 320
99 144 528
306 496 202
181 386 219
449 594 555
437 544 739
225 532 191
216 491 280
702 849 86
34 600 57
286 670 99
462 983 109
837 968 321
241 375 62
339 387 2
245 846 38
222 255 694
466 553 891
102 129 401
360 734 209
603 625 697
139 423 268
521 533 403
351 505 219
672 863 207
370 413 896
796 807 256
59 411 24
41 67 952
836 868 616
60 155 592
177 723 72
763 837 791
798 992 398
226 526 140
373 388 697
598 601 712
152 188 556
446 896 117
9 149 228
522 953 130
858 969 92
883 953 688
893 937 926
10 15 200
485 545 105
237 533 58
170 372 156
114 427 185
316 895 132
434 644 169
23 196 336
795 858 429
519 736 367
530 607 672
867 948 713
675 688 856
241 537 248
330 537 223
778 828 418
563 646 183
723 887 415
810 912 66
647 751 277
418 489 251
604 665 825
458 788 117
457 510 734
61 674 42
855 926 659
81 421 95
789 872 701
411 463 408
347 418 482
351 483 335
899 906 543
957 998 350
331 345 85
548 884 171
309 331 613
250 312 725
328 627 114
713 726 75
473 585 288
632 712 979
311 664 125
283 544 232
373 619 141
636 716 483
7 13 751
761 869 506
224 301 774
311 440 323
502 580 659
533 862 212
426 550 557
521 851 187
259 952 39
556 587 273
658 830 28
71 179 149
306 463 324
467 536 803
502 620 496
39 162 405
824 875 716
464 555 114
203 411 189
802 883 645
423 438 393
494 718 47
368 571 66
968 992 494
111 225 57
6 648 111
781 836 64
931 943 899
308 384 676
24 645 21
198 285 249
16 27 861
63 423 87
342 403 351
203 213 470
91 250 302
497 592 256
274 308 624
326 375 324
730 780 8
421 507 821
570 844 19
255 374 610
598 750 147
409 999 54
936 957 607
831 860 820
155 294 246
707 733 742
72 282 39
268 567 133
269 325 824
183 495 244
680 702 479
242 257 548
310 408 178
451 661 135
409 633 57
138 406 303
806 868 319
492 700 342
136 640 15
438 649 217
362 491 184
211 261 7
426 555 617
506 675 150
181 415 326
571 679 564
289 960 39
694 737 486
403 440 520
288 309 102
703 760 37
440 730 258
282 930 113
391 862 174
152 202 498
904 947 409
865 889 440
540 696 416
102 962 16
371 882 13
148 371 76
491 743 10
378 424 233
15 532 60
246 298 263
598 661 636
225 276 916
38 226 109
61 167 162
108 249 231
541 624 545
659 851 90
102 258 198
4 158 335
580 752 380
323 627 191
246 498 86
30 77 914
32 581 52
469 545 223
252 435 48
731 764 399
45 450 77
96 120 766
31 703 59
352 531 19
124 139 247
511 515 496
358 493 150
913 924 371
153 250 557
174 837 56
518 631 381
232 467 101
644 850 56
961 994 267
673 703 365
614 735 55
80 183 545
161 272 698
453 727 279
65 111 407
651 928 45
261 646 79
203 327 558
347 499 200
288 427 205
545 654 448
92 530 14
684 777 522
96 160 108
158 771 78
83 114 1000
576 820 110
429 540 663
213 355 318
719 774 604
534 739 8
335 740 196
655 682 136
431 514 8
788 978 158
183 253 326
651 762 440
214 410 75
709 813 535
53 679 53
532 584 593
624 825 285
122 468 147
389 405 88
585 650 417
383 513 168
288 868 14
223 290 339
685 791 393
614 646 208
684 728 696
827 863 741
22 110 410
520 716 72
230 795 97
573 650 206
760 884 164
698 874 461
533 656 454
828 930 497
588 672 378
819 934 47
451 557 456
24 302 164
290 505 362
943 946 168
750 934 385
653 837 293
30 43 492
147 176 687
537 984 24
51 254 309
106 147 15
636 941 28
615 653 661
16 25 988
50 404 53
255 446 57
194 252 60
501 913 24
941 996 850
361 649 84
485 835 23
369 755 179
360 523 381
222 242 736
609 648 150
21 112 804
933 949 423
61 299 177
435 458 628
135 322 10
420 582 51
506 588 467
837 962 185
244 298 864
219 226 936
39 484 20
700 878 158
262 291 855
534 701 345
593 862 118
498 726 8
187 474 132
56 205 97
396 400 865
508 548 651
221 525 20
346 421 906
168 386 34
257 699 110
762 836 312
96 195 525
707 729 740
682 740 78
242 489 99
418 537 468
44 50 543
785 880 545
127 517 99
676 783 115
360 521 320
231 671 112
316 366 923
541 641 332
499 571 521
67 324 66
295 759 126
405 516 750
237 718 7
121 282 144
378 472 757
557 630 674
96 490 8
306 736 109
857 871 92
765 837 436
625 632 781
870 895 159
246 516 288
899 968 810
502 569 614
354 677 1
210 316 116
363 400 400
96 234 368
659 814 26
745 945 92
74 672 87
738 920 18
230 457 230
48 238 68
172 216 704
14 419 58
106 165 828
55 91 315
170 329 318
746 848 570
634 682 694
70 227 380
487 530 877
156 253 484
554 581 528
284 361 261
485 866 63
902 971 767
696 722 333
71 521 178
170 895 42
165 231 36
809 881 914
81 104 288
899 939 909
347 456 49
602 864 55
166 659 92
234 960 95
614 942 137
464 660 72
18 514 96
267 323 118
54 85 774
678 682 135
21 115 174
783 828 19
595 641 465
778 849 116
130 649 48
622 778 292
105 202 75
406 609 375
479 712 305
51 269 162
31 54 167
326 715 48
35 312 190
956 979 292
123 438 107
229 596 53
162 920 64
493 909 107
41 886 7
315 415 49
724 760 178
29 123 487
545 707 22
186 592 20
224 599 110
84 904 26
377 999 126
470 797 158
698 897 201
494 523 767
762 785 572
249 318 554
273 548 111
536 665 63
537 954 154
445 659 126
332 659 238
351 361 837
808 996 218
574 666 524
196 983 46
207 254 748
659 701 951
343 485 235
112 189 757
457 522 885
150 155 347
296 334 701
36 353 100
340 598 280
800 954 91
133 788 89
233 323 695
381 434 346
431 648 9
444 978 123
348 393 140
409 935 47
43 172 563
393 601 236
471 671 410
232 247 767
527 583 921
217 253 855
303 410 677
90 104 404
439 481 186
85 545 88
330 413 331
474 540 111
851 913 436
590 686 63
614 727 693
132 187 592
466 984 56
83 178 360
851 875 791
763 985 261
712 756 580
7 921 84
381 413 90
963 983 935
134 145 617
790 808 662
309 390 415
131 364 50
246 642 166
410 416 787
132 612 157
379 615 225
513 726 39
696 734 585
39 129 398
303 627 86
473 868 97
55 476 2
262 443 297
661 769 452
211 240 615
483 768 285
144 416 244
333 799 111
516 533 65
403 437 988
385 460 34
607 701 380
459 810 78
834 902 81
674 732 699
902 925 192
498 540 563
958 985 671
787 947 26
699 756 10
814 817 997
459 497 505
188 312 396
319 690 173
526 679 183
25 80 161
36 731 75
63 211 136
529 645 71
79 411 46
38 624 90
338 584 56
789 855 633
669 808 281
112 201 485
695 777 713
23 79 317
294 426 300
397 605 50
61 106 641
301 754 146
335 698 38
354 657 162
162 228 579
64 141 208
42 920 83
702 986 256
591 604 398
527 950 9
343 590 324
813 934 318
548 829 116
468 723 263
239 261 649
818 933 199
797 831 706
168 272 447
637 660 230
106 156 596
595 718 599
307 375 610
2 509 72
738 886 460
299 448 202
750 999 76
386 876 134
44 225 114
692 978 80
51 423 218
365 711 231
16 933 54
341 414 541
134 188 174
109 178 75
726 923 83
767 948 378
332 530 224
90 907 1
231 304 981
47 313 117
248 870 22
659 894 320
862 946 152
649 937 111
847 900 39
523 912 61
775 892 95
211 318 68
723 870 83
358 815 157
359 656 79
431 545 185
200 399 393
371 456 254
738 801 110
651 830 76
34 366 72
117 321 222
57 174 6
477 486 51
372 886 70
24 32 434
266 443 440
237 242 87
51 374 57
564 695 587
566 617 212
826 942 64
382 522 416
34 130 153
182 504 191
197 493 244
195 674 145
375 411 511
134 454 207
66 316 39
5 12 376
422 957 15
108 716 5
596 666 740
185 784 80
191 901 20
906 976 171
627 644 476
89 100 790
484 497 672
859 998 460
675 867 43
338 377 595
241 972 8
869 892 708
502 655 177
30 994 44
232 508 298
309 412 661
358 396 399
18 381 45
94 497 122
639 730 852
742 804 144
691 996 230
361 875 133
157 365 195
470 524 483
506 637 196
480 524 241
839 862 663
726 832 89
243 368 169
508 574 100
122 453 159
265 445 60
326 553 363
529 898 55
609 922 195
202 245 233
526 787 309
505 573 229
323 449 613
393 476 918
422 684 133
278 512 131
398 463 868
519 616 580
580 664 951
537 602 469
593 675 524
562 776 360
865 976 471
677 687 180
656 712 399
820 904 102
475 493 551
573 641 524
475 522 842
275 366 420
811 914 726
799 836 399
41 420 85
432 440 657
39 340 267
117 132 923
558 728 136
103 347 120
257 389 170
222 645 76
633 641 421
392 432 675
251 315 793
746 849 654
579 660 402
725 824 387
587 601 460
331 608 101
620 914 191
499 583 184
312 316 95
38 127 617
916 978 54
140 330 282
596 604 120
380 929 3
714 717 768
793 813 826
43 148 281
2 144 359
332 358 120
323 737 109
805 879 771
679 806 482
500 555 66
141 248 554
262 817 150
660 856 63
686 836 381
436 466 557
108 801 43
94 285 353
143 287 562
136 512 171
130 825 26
715 869 384
621 842 373
502 728 175
222 352 430
85 583 123
281 407 57
418 667 178
825 872 562
208 293 200
49 151 764
599 681 790
463 599 545
112 163 113
647 995 210
394 663 64
596 668 123
745 819 37
319 338 18
683 761 875
116 352 16
382 484 7
445 456 479
466 556 465
252 317 878
538 762 111
409 701 279
757 873 493
383 395 823
269 402 396
447 957 136
783 848 543
683 944 174
35 197 352
799 920 640
423 457 167
32 183 445
193 596 110
394 500 34
761 804 296
173 595 32
144 564 142
640 738 159
29 288 298
748 753 601
179 187 640
214 287 154
58 438 29
825 879 609
641 918 237
623 693 236
70 73 883
138 243 779
152 275 149
270 273 989
430 509 597
735 757 282
863 958 235
504 547 691
665 778 237
207 971 92
667 738 120
529 569 226
587 710 295
959 980 701
77 229 282
326 444 228
378 726 130
24 267 341
327 340 712
210 274 341
579 727 498
720 794 112
434 858 32
766 935 93
291 410 149
957 993 934
328 566 266
718 944 225
252 267 990
461 656 32
7 673 60
729 733 145
323 506 347
248 374 42
238 423 97
626 816 5
339 442 245
474 806 236
385 830 83
26 37 722
600 629 386
196 350 104
81 277 28
473 839 119
253 483 321
541 897 42
892 937 62
180 561 130
476 924 35
82 677 36
168 212 627
514 897 65
748 966 273
606 939 226
223 263 86
288 318 205
506 590 801
448 790 122
348 445 40
220 237 434
848 971 233
77 375 178
542 737 342
717 961 110
77 278 198
539 636 607
167 248 729
555 569 439
408 510 215
408 821 9
795 964 177
76 126 197
435 505 795
622 988 65
58 124 80
122 148 35
414 625 228
862 956 745
270 315 263
161 231 120
233 995 102
696 909 369
384 489 269
597 657 585
475 599 604
545 584 295
167 415 147
643 842 209
288 599 80
684 749 979
276 659 50
714 806 230
109 151 158
608 693 349
309 412 572
869 933 224
643 676 860
863 871 693
163 438 297
666 803 368
223 694 135
576 959 48
287 486 378
200 224 584
120 524 88
224 424 130
461 470 384
442 648 67
627 707 941
169 188 800
14 152 244
173 229 167
382 492 106
602 618 913
831 884 614
136 251 345
9 367 130
19 76 262
130 221 384
351 921 21
245 569 254
218 245 145
202 315 418
220 328 491
642 685 841
339 765 36
323 364 165
496 580 429
669 840 128
125 584 49
300 713 52
609 618 838
354 812 17
341 398 365
743 936 78
8 174 150
908 937 216
131 992 44
197 212 89
500 650 359
690 938 226
749 807 654
493 631 33
269 301 950
276 437 216
485 696 335
4 350 148
336 845 38
123 228 245
60 344 246
642 892 320
930 941 35
694 831 471
522 672 324
224 696 73
124 190 975
529 613 222
203 260 148
32 126 716
110 616 130
440 564 337
544 762 170
148 378 226
280 738 55
153 654 1
345 351 804
38 440 125
170 340 31
14 464 178
138 892 64
718 883 131
188 201 269
401 517 575
71 835 20
718 954 352
377 976 119
410 555 187
24 109 370
598 810 162
322 589 184
312 352 304
599 638 980
330 351 17
329 580 159
879 930 237
222 240 957
130 409 28
252 325 873
842 858 549
149 228 308
829 976 520
637 663 50
56 242 220
14 120 490
791 819 943
239 324 381
815 822 456
282 813 133
908 927 362
56 162 442
265 823 70
49 716 67
355 593 200
751 818 26
48 648 29
557 605 940
340 344 784
963 999 566
445 611 298
565 623 316
686 783 764
490 668 210
511 844 167
228 234 688
390 463 174
497 926 20
507 887 158
520 769 236
139 281 63
2 72 98
5 31 321
48 846 31
632 754 202
431 621 197
672 696 1000
449 842 126
228 393 26
37 392 203
897 960 973
146 185 975
685 711 731
634 879 197
535 780 297
522 692 346
4 67 974
846 935 175
442 677 261
933 985 216
261 587 58
782 802 943
138 433 241
653 933 278
778 892 568
175 244 985
92 190 268
282 394 716
247 356 675
260 379 21
188 334 560
231 370 97
509 641 348
72 373 226
268 812 109
276 420 253
582 724 65
462 600 354
399 471 717
900 959 885
70 282 242
813 845 992
372 959 76
479 551 917
699 720 246
618 823 205
16 288 175
101 211 657
521 677 214
579 712 618
159 704 56
453 459 722
635 920 15
137 179 404
590 769 244
480 588 618
282 412 108
15 136 491
271 328 895
747 824 117
343 414 999
88 168 979
8 137 259
305 436 37
488 681 385
575 775 314
725 779 304
396 490 355
246 326 267
48 99 917
27 157 183
954 998 891
42 213 249
116 374 114
226 809 77
56 303 51
4 524 116
491 520 166
267 304 471
371 616 178
410 470 751
240 243 263
604 618 85
181 285 192
107 287 333
176 342 328
103 147 316
179 242 418
82 278 423
578 659 382
843 914 692
279 407 568
97 118 670
216 376 498
170 240 323
328 679 108
118 376 211
657 757 135
315 722 50
27 207 259
474 972 51
837 969 194
843 960 439
891 988 787
378 424 733
221 331 160
372 491 597
509 566 809
489 532 83
687 781 721
186 229 438
46 547 98
306 381 479
266 311 704
554 719 229
195 274 7
174 431 259
754 819 475
888 938 667
697 767 219
819 878 833
405 411 438
191 293 745
501 616 695
333 441 734
484 564 934
583 605 174
10 89 977
348 629 63
902 939 904
156 285 342
463 528 146
474 679 393
584 869 166
467 520 559
302 483 389
549 847 192
451 529 735
153 703 106
856 890 181
137 180 409
95 104 56
429 465 405
485 625 151
651 919 10
372 669 239
32 156 345
445 464 870
567 725 485
12 317 266
311 428 434
120 188 927
311 372 411
488 988 111
177 338 271
483 934 176
794 988 211
780 788 863
403 656 169
935 1000 602
732 839 553
284 951 56
770 909 383
419 525 287
772 977 109
642 726 495
552 599 513
305 568 312
913 949 259
733 812 756
297 337 379
244 799 56
602 698 850
146 160 71
510 531 692
145 261 94
176 185 337
46 205 259
452 527 984
791 913 449
823 890 237
195 273 236
10 440 91
788 817 797
230 243 773
606 702 663
333 508 301
21 114 133
838 926 203
447 593 382
541 546 471
466 568 512
1 477 10
61 165 103
215 875 87
469 859 116
1 78 903
539 585 729
187 212 960
963 1000 689
758 920 222
889 893 464
337 371 600
944 986 411
293 420 503
42 119 797
748 918 431
599 842 328
818 872 658
82 700 56
309 946 27
925 967 486
362 523 100
555 559 998
1 316 141
818 869 663
14 664 63
202 486 214
509 947 3
247 500 283
933 950 2
26 279 92
41 115 194
371 573 270
821 987 18
547 933 24
187 804 81
540 975 136
21 866 74
570 582 432
499 908 73
723 821 126
2 131 476
197 431 68
41 320 258
813 820 142
823 933 75
940 978 874
118 754 68
170 261 784
187 382 378
228 288 531
519 535 521
929 934 876
111 435 30
167 298 522
927 973 271
60 479 172
373 838 51
575 732 246
27 140 500
980 987 146
467 496 573
887 911 229
482 774 199
510 664 381
205 439 305
733 972 68
708 730 830
288 307 248
662 758 342
182 304 276
355 814 181
315 437 300
209 302 819
206 488 182
871 941 615
712 779 18
171 413 278
37 154 107
645 883 24
191 522 134
723 799 520
27 56 961
234 798 98
656 838 326
420 929 75
554 595 428
108 557 88
528 630 450
867 936 379
124 151 137
616 779 101
548 805 273
504 544 983
687 706 850
621 716 450
407 516 665
309 548 241
188 828 14
404 465 802
333 686 57
58 280 340
667 805 311
202 584 3
353 384 490
843 859 866
838 870 723
217 852 15
584 734 180
638 814 195
237 240 921
40 72 31
674 750 916
229 272 234
188 446 263
373 591 195
671 711 806
448 810 156
511 588 83
173 587 93
84 168 729
367 503 481
344 456 180
738 782 894
299 720 189
926 985 190
790 936 442
819 980 4
665 701 916
627 730 190
407 630 362
221 301 70
418 441 580
87 336 285
296 552 126
711 858 79
72 401 207
101 174 625
493 713 49
6 99 766
776 891 288
61 226 395
910 936 85
740 900 98
1 589 5
421 817 122
931 981 169
609 612 644
438 661 349
251 900 56
557 624 59
140 845 60
823 865 318
180 275 755
635 694 434
662 698 295
808 919 506
789 817 141
334 639 134
293 581 276
162 465 199
229 906 119
60 200 513
47 127 629
721 779 604
715 751 779
625 692 9
285 408 639
507 526 23
193 363 69
139 218 603
302 835 17
516 547 307
59 591 105
425 510 101
441 520 642
511 516 119
487 581 293
768 807 294
582 663 979
4 431 139
745 903 138
502 632 238
381 601 269
264 309 833
635 785 286
172 299 90
530 562 568
119 407 269
440 730 45
575 850 197
469 853 63
131 279 63
515 759 304
939 999 900
866 929 333
953 982 560
602 625 480
73 260 182
253 281 263
23 109 137
429 777 24
672 794 317
376 450 807
837 984 289
193 750 25
559 764 241
34 168 186
263 605 145
510 527 169
537 568 869
6 710 37
52 110 214
440 588 455
671 905 262
182 648 133
162 359 362
205 755 134
74 117 55
591 784 279
890 919 815
85 859 95
263 574 99
161 188 835
370 417 208
123 328 175
442 510 524
934 993 804
701 797 250
744 839 849
190 275 109
760 926 480
326 390 801
199 369 465
317 964 95
120 211 793
283 311 831
209 379 251
13 435 172
660 792 220
351 594 296
189 979 41
317 820 101
577 976 69
69 284 92
928 966 361
451 610 18
267 337 764
410 484 53
349 720 173
336 407 458
537 841 119
528 636 586
769 872 491
49 105 635
728 801 459
762 993 120
279 654 130
342 493 524
556 561 250
428 937 79
145 551 84
453 520 510
748 867 231
87 184 18
335 805 98
207 334 30
9 713 55
284 349 254
331 467 156
261 575 32
476 740 36
588 724 276
945 950 899
25 494 58
159 948 2
80 470 48
287 301 602
627 673 833
93 130 596
149 234 511
203 535 39
786 798 426
676 687 526
163 257 880
355 391 692
178 443 98
407 586 162
33 73 869
66 552 136
567 861 275
393 706 159
156 887 81
925 955 723
300 434 384
621 691 215
144 187 251
225 302 112
579 848 53
122 203 928
722 845 267
163 239 696
815 824 188
51 226 373
64 483 117
785 834 29
638 725 147
754 761 509
74 766 54
99 277 440
183 758 56
305 403 242
575 820 299
738 781 51
682 739 436
113 183 507
158 354 398
75 171 538
586 829 240
218 285 961
492 592 770
36 74 878
833 879 249
853 874 994
429 515 846
324 491 454
180 307 334
635 753 182
532 571 640
613 763 351
729 782 131
67 150 535
500 585 871
573 745 350
254 398 316
316 892 67
712 992 132
375 588 5
870 967 524
277 433 116
108 499 74
321 413 376
469 793 53
438 500 472
795 819 944
471 621 246
310 373 635
360 551 400
62 947 48
440 453 521
930 934 909
791 821 480
598 690 681
449 603 45
457 929 158
707 738 4
165 258 428
115 220 474
317 345 518
342 765 81
730 903 74
219 723 132
456 616 442
57 123 854
801 904 67
33 72 474
431 949 29
661 812 515
191 276 114
629 970 115
572 651 244
817 873 905
588 673 772
499 821 91
49 243 174
294 754 122
808 972 286
630 736 760
949 976 11
639 837 289
706 713 86
122 201 451
12 105 679
160 208 737
63 575 112
115 345 99
393 870 114
473 513 185
194 968 48
378 500 618
99 194 603
374 748 80
212 780 45
633 745 57
417 498 353
22 911 17
766 978 96
840 915 537
186 244 994
534 767 346
110 203 230
445 859 13
47 159 88
227 435 9
475 629 170
38 341 97
256 479 262
236 273 818
172 223 247
401 567 104
759 848 22
526 556 572
827 869 827
86 212 480
341 419 3
848 931 487
919 965 682
691 696 294
151 186 426
486 988 82
213 279 912
377 413 780
609 655 926
571 779 268
262 399 519
565 859 251
209 595 155
356 993 103
442 479 430
26 237 67
15 203 313
592 768 370
974 981 401
319 339 420
489 594 651
128 142 46
551 631 675
637 900 126
256 480 14
7 275 309
306 382 808
609 635 535
463 796 70
666 835 244
433 526 211
31 124 842
319 463 89
427 490 515
659 708 761
296 690 113
491 624 369
139 279 572
280 920 126
391 709 49
850 875 813
68 375 227
597 737 404
617 635 127
28 96 375
154 649 146
377 536 154
246 333 400
343 411 139
719 730 295
529 548 186
186 200 182
104 335 128
210 247 715
638 725 491
414 446 48
603 723 385
497 570 5
156 206 793
465 492 612
1 59 28
469 488 325
234 637 14
531 595 455
453 530 104
831 834 242
267 677 80
572 806 130
471 601 354
402 471 247
725 847 241
103 113 50
343 905 44
428 520 316
409 935 127
11 219 193
156 457 20
78 222 561
276 380 586
668 706 937
37 394 78
259 431 414
544 767 70
678 768 620
566 692 9
125 726 58
609 691 686
819 826 389
674 881 175
481 802 255
208 263 33
680 859 308
757 937 357
56 254 146
137 295 291
209 347 49
5 842 5
761 873 47
190 220 474
151 171 752
217 383 167
627 655 354
898 906 177
710 931 337
15 827 98
688 716 794
980 998 417
503 740 137
219 847 37
59 279 74
6 117 682
93 827 7
538 557 893
565 854 102
306 781 30
577 762 78
289 714 51
489 497 994
324 374 574
277 405 122
144 179 939
33 385 65
419 502 62
609 694 243
73 688 5
803 940 302
137 259 369
219 342 414
413 743 62
28 49 74
510 622 110
164 404 166
204 749 113
664 771 540
24 784 95
378 413 10
227 543 198
375 856 92
211 382 430
858 861 851
23 86 374
245 379 404
620 654 406
810 916 232
373 624 147
772 848 212
577 710 29
573 633 611
907 917 754
551 569 810
294 360 401
217 875 31
509 545 759
122 135 580
560 670 181
178 810 9
842 852 869
753 865 468
16 866 97
683 722 85
760 764 985
67 74 317
355 445 203
57 462 156
813 828 82
51 772 111
328 427 141
451 586 391
314 349 653
178 248 843
426 568 267
58 437 184
345 424 506
470 533 218
297 443 514
450 456 6
566 657 517
590 833 23
137 898 11
454 565 260
849 954 111
562 621 452
679 691 288
355 744 141
493 606 443
319 650 113
852 891 413
336 509 346
722 780 769
351 713 28
360 374 169
54 289 259
40 639 63
770 805 146
386 604 181
501 599 336
272 299 647
283 404 660
366 429 115
420 688 310
23 720 99
75 233 517
42 838 44
315 388 897
73 199 580
353 397 476
447 468 633
127 824 48
638 708 42
107 398 227
35 132 366
490 685 16
35 146 216
183 259 379
73 171 836
244 278 937
721 903 253
413 457 931
253 376 30
741 760 211
32 685 38
110 441 145
273 367 625
186 311 298
490 884 49
280 291 867
200 213 745
738 787 82
297 347 426
426 552 234
490 812 38
364 407 47
18 263 198
755 927 25
269 380 544
382 929 19
461 522 35
446 811 45
571 856 50
335 889 102
316 345 484
140 489 48
897 940 869
479 528 851
58 391 158
22 113 605
138 251 7
209 238 388
898 990 704
437 496 629
273 662 186
661 860 27
18 202 352
543 730 395
492 512 895
259 765 87
493 544 63
171 278 237
489 624 304
295 353 886
556 847 182
371 597 292
531 645 518
236 253 626
17 673 85
825 986 288
444 500 789
122 133 239
725 803 124
45 121 989
744 968 306
40 79 984
581 636 420
751 921 482
35 121 3
101 142 692
430 522 279
639 693 291
250 756 51
707 847 447
819 861 846
87 257 427
883 919 648
437 506 268
207 265 967
130 374 71
359 515 225
406 619 351
132 270 365
127 244 376
91 201 528
922 949 995
419 487 80
652 737 906
349 605 79
366 829 156
416 873 155
693 885 53
42 138 547
387 652 151
674 873 254
30 472 66
390 544 464
770 840 927
535 858 162
501 665 218
216 441 21
716 917 154
494 545 739
613 807 91
45 137 383
353 368 734
215 757 51
248 409 21
296 488 298
277 616 231
757 966 309
101 168 238
319 927 66
492 577 452
402 542 547
471 530 429
37 218 416
328 827 102
301 318 64
644 928 208
916 939 1
656 894 230
657 785 193
182 238 10
852 857 379
157 428 114
203 472 286
163 686 41
242 439 347
538 560 880
90 313 348
392 420 722
307 718 94
473 763 230
286 929 11
86 114 761
366 470 295
778 856 428
260 376 296
161 272 9
42 191 396
414 578 207
566 605 582
226 591 64
92 150 485
372 464 503
709 776 660
145 624 70
623 645 244
515 590 273
29 97 99
79 663 86
666 952 118
546 827 173
569 977 179
326 414 697
680 817 590
173 237 68
48 577 88
489 644 423
189 302 344
846 861 134
158 996 5
367 447 755
236 827 11
87 95 947
666 747 35
688 949 166
112 167 770
302 602 31
971 983 619
536 631 555
590 916 109
214 307 133
195 438 66
488 711 218
421 870 180
162 599 86
182 308 549
357 556 65
128 326 250
546 889 10
69 127 436
746 961 161
417 501 324
382 440 861
638 885 23
48 135 457
715 760 676
337 412 151
492 652 104
826 937 293
622 665 3
440 483 860
153 337 377
92 229 504
344 481 510
229 538 118
599 616 171
7 210 211
738 830 59
403 414 534
793 853 835
385 393 367
735 947 36
69 207 433
489 634 486
48 344 17
338 490 163
835 875 767
883 894 78
715 791 819
386 743 62
151 343 338
424 775 84
639 698 306
117 175 178
601 666 571
358 384 293
389 552 486
117 654 108
145 241 454
975 987 577
750 828 953
61 252 404
417 651 326
176 461 57
283 962 79
121 891 23
743 969 78
560 804 14
657 678 649
40 161 441
456 680 70
372 491 563
627 804 158
36 65 317
627 751 474
510 574 534
67 689 52
67 89 181
214 249 101
426 502 260
801 860 94
450 893 94
14 22 627
628 694 407
320 444 594
50 191 307
827 905 136
667 719 767
532 829 32
457 554 291
219 552 9
749 909 334
282 549 181
518 580 140
686 772 645
80 155 39
584 818 78
13 25 897
107 141 398
9 272 14
461 550 675
669 683 259
356 364 807
193 374 447
441 517 710
63 82 912
354 362 813
829 834 336
623 643 634
73 412 195
54 108 785
179 500 9
847 870 887
260 270 257
445 609 99
47 108 521
685 881 141
936 966 707
709 861 465
694 849 466
492 800 198
686 799 567
443 716 297
17 462 115
845 867 978
415 442 44
550 566 126
365 593 275
611 640 247
390 453 538
60 72 418
88 218 519
723 782 988
884 889 749
434 483 813
555 942 202
128 220 819
335 824 112
9 384 50
657 774 557
722 929 8
490 539 980
95 167 444
538 593 508
906 958 177
433 791 28
589 931 1
588 631 246
389 434 813
359 410 746
439 541 293
586 682 345
17 219 340
104 450 57
380 527 246
422 501 220
97 258 62
72 323 273
127 195 237
333 409 438
361 902 121
17 84 496
327 462 105
582 755 434
442 466 746
591 670 108
3 38 952
751 884 586
290 316 938
542 591 777
168 390 264
890 940 629
408 429 1000
543 567 324
949 959 803
39 304 313
451 557 36
211 241 707
418 509 744
867 922 598
316 768 182
77 480 1
444 577 436
131 770 61
292 352 265
704 722 937
292 333 18
720 928 24
347 690 170
59 506 109
148 945 59
92 137 611
858 867 757
32 634 65
34 43 495
278 357 883
282 994 84
666 894 109
175 442 70
327 359 310
491 530 941
316 382 547
835 892 775
373 482 397
592 665 866
468 531 426
243 706 40
572 595 555
125 752 118
489 672 11
937 953 582
408 893 164
518 680 342
207 237 377
90 680 97
248 512 178
286 294 188
650 713 925
179 196 110
280 567 267
169 324 372
926 949 565
64 977 11
707 991 249
621 714 511
245 315 334
98 227 172
184 292 174
438 598 442
498 571 995
731 912 394
217 373 317
313 644 66
480 642 155
314 917 109
384 965 71
169 368 355
895 991 392
887 890 43
172 247 761
231 235 827
279 720 148
131 205 543
825 954 446
271 368 636
371 483 572
112 529 20
128 218 295
158 212 519
509 811 258
52 239 347
260 264 988
857 944 138
495 659 312
772 800 780
409 426 217
257 389 214
294 420 118
222 701 154
52 319 244
112 576 3
263 600 52
624 690 153
757 934 470
444 527 59
660 714 970
49 64 906
377 416 730
578 990 11
43 61 473
715 864 109
64 88 699
34 212 121
543 747 96
286 593 234
443 999 14
193 317 380
3 59 721
675 794 510
15 242 157
473 978 88
740 785 246
132 223 637
660 964 20
94 145 916
128 409 122
511 575 741
208 263 839
99 238 323
465 858 163
433 612 289
441 500 371
180 242 18
859 873 790
61 131 848
138 147 654
359 501 567
864 975 391
483 605 11
661 739 595
182 341 98
229 554 80
317 401 916
625 700 320
799 816 956
184 810 5
47 597 80
573 679 679
99 297 285
507 899 143
46 96 819
338 715 38
333 488 453
28 652 37
450 558 548
270 311 888
781 818 533
581 659 781
457 578 66
532 647 596
595 745 524
334 729 14
700 731 340
184 650 156
754 787 854
22 77 353
503 523 567
477 558 382
864 885 572
870 907 733
812 832 676
36 192 185
419 460 417
312 322 723
585 618 207
479 538 407
554 564 425
359 556 71
141 207 969
459 943 28
357 657 112
554 698 547
480 972 163
47 66 987
210 223 88
430 443 836
779 929 323
714 799 944
231 741 105
787 800 793
797 836 485
521 573 469
533 707 418
297 618 160
6 21 108
61 74 191
165 532 226
16 913 81
869 927 708
117 834 36
410 498 42
543 631 845
474 519 942
709 834 183
79 95 197
446 496 541
229 688 39
27 707 97
46 624 35
195 260 132
142 149 340
320 522 259
349 425 928
704 886 243
202 280 670
689 710 206
342 546 305
615 787 91
88 132 640
468 495 291
134 207 849
179 338 448
492 567 521
380 432 492
311 589 145
663 859 249
574 896 93
250 270 281
438 497 803
191 515 20
153 418 113
634 679 643
698 839 542
817 855 596
118 546 115
146 341 238
375 450 910
4 140 413
704 740 940
509 745 163
788 898 328
336 350 494
422 599 315
275 337 779
531 683 219
127 748 78
42 291 54
220 929 1
179 954 48
661 997 180
617 653 101
18 838 61
322 338 141
650 757 656
249 375 29
693 844 475
345 454 564
258 349 121
8 280 201
347 359 48
488 547 176
127 367 315
878 985 748
9 115 282
489 519 704
29 687 26
540 683 113
430 562 36
196 219 357
650 892 175
382 443 679
790 911 454
195 229 633
2 64 964
944 972 4
451 599 286
337 438 776
692 870 269
835 939 32
822 933 506
552 866 135
186 231 29
50 239 41
271 604 164
864 915 843
202 278 177
21 498 65
488 841 87
6 143 186
777 839 967
238 657 194
365 369 869
275 335 109
188 389 175
451 895 34
819 939 574
697 706 789
529 562 862
393 524 233
176 344 348
613 672 162
6 882 5
878 962 189
151 348 277
520 865 8
632 867 328
758 763 448
677 737 559
7 45 283
222 297 439
924 990 285
287 618 154
644 723 906
468 692 112
95 105 823
647 654 38
693 803 136
409 605 5
7 679 101
52 87 84
797 957 399
697 766 350
532 708 59
413 462 794
755 927 358
341 532 280
813 998 166
663 687 299
530 644 200
796 867 258
612 987 10
31 68 593
372 782 112
64 96 610
15 19 267
757 895 589
730 795 158
912 940 907
384 901 25
500 537 290
44 142 407
225 566 153
71 157 94
59 836 71
650 947 160
97 131 919
466 824 149
357 482 572
955 976 200
104 112 804
272 324 615
732 849 530
507 671 200
754 889 297
474 584 625
861 971 535
310 358 481
632 715 808
273 358 64
585 877 101
261 565 207
536 711 219
173 809 90
405 431 88
277 512 25
535 723 63
763 832 706
231 485 275
362 653 205
628 664 914
905 989 134
79 444 44
318 440 391
117 194 876
972 995 277
700 852 129
522 698 254
177 428 269
85 447 132
123 789 34
377 526 3
664 729 66
773 880 758
145 595 35
851 893 159
523 780 168
8 51 589
417 645 179
405 992 100
37 141 29
605 635 376
5 74 23
170 272 773
707 744 649
710 929 48
623 666 574
166 217 563
131 187 87
825 838 627
251 651 44
128 555 182
523 631 194
291 309 67
606 675 60
182 835 105
174 229 333
346 943 40
518 767 9
438 609 405
667 877 393
866 935 25
572 812 254
606 648 417
458 758 186
165 213 665
214 304 910
800 921 610
365 407 739
963 980 754
16 96 461
346 540 118
244 275 148
321 409 472
118 207 467
642 729 605
60 83 89
394 531 154
652 753 156
277 928 17
358 429 563
79 106 728
350 459 453
511 732 75
229 387 105
15 559 105
92 879 56
80 131 899
104 598 159
707 1000 1
9 418 150
604 777 226
861 936 908
768 813 873
208 355 111
486 547 401
482 564 6
360 366 162
601 718 133
324 744 9
165 790 58
34 117 613
498 893 98
910 957 259
286 717 77
85 613 122
357 686 201
301 388 772
265 500 133
213 282 836
672 777 410
362 966 60
480 875 22
642 867 41
607 809 85
243 376 356
31 55 482
184 189 438
558 694 99
71 76 62
817 901 119
384 533 517
357 502 574
639 992 115
828 863 305
594 730 538
246 650 3
858 957 98
561 898 59
106 122 545
560 894 189
945 975 761
725 862 207
475 680 167
240 297 413
59 158 152
235 482 286
454 490 231
352 431 943
427 451 706
155 288 413
628 815 308
526 659 602
143 436 220
222 272 289
36 113 314
39 137 83
549 879 140
512 814 242
398 416 155
911 978 29
348 499 319
880 920 557
70 352 205
263 355 620
97 201 230
406 668 218
490 571 673
426 466 938
324 659 98
728 797 508
560 826 97
548 741 185
392 569 170
368 796 63
578 610 346
462 880 148
840 977 294
653 719 791
511 613 588
538 553 305
573 664 773
405 686 195
519 825 269
385 459 429
49 877 60
72 399 159
200 257 613
812 977 204
511 558 198
802 927 415
348 717 40
725 801 538
354 370 65
540 944 39
575 833 309
78 146 225
238 295 854
506 560 40
317 360 137
127 528 197
232 259 786
137 215 18
51 249 294
174 296 191
902 980 76
669 769 704
448 944 43
15 708 101
34 125 195
753 832 75
46 73 891
195 815 16
196 302 398
837 936 377
384 454 853
433 440 971
75 125 576
119 300 334
479 752 234
130 233 20
861 921 515
246 636 206
246 284 610
430 582 433
574 660 30
160 602 9
246 344 618
184 188 591
747 835 350
792 806 19
535 574 551
123 963 48
818 966 491
842 873 592
655 892 344
469 633 484
945 972 107
194 214 853
88 176 55
190 246 885
370 405 721
149 807 116
663 730 140
28 221 318
677 945 226
47 101 498
631 800 254
587 628 79
718 854 10
235 279 617
221 465 107
698 747 329
532 585 979
537 540 222
10 448 59
556 599 223
769 814 2
195 292 279
415 547 162
683 774 447
444 644 372
436 894 88
127 186 660
746 813 572
545 590 262
570 824 328
760 869 731
29 40 728
756 959 115
137 459 87
685 758 769
126 178 434
874 958 537
426 748 213
329 814 168
157 349 382
80 504 28
315 495 37
530 655 118
663 830 132
638 723 485
85 247 29
903 909 520
108 142 340
119 716 17
33 180 496
715 819 6
123 173 289
69 693 15
320 948 11
751 770 477
502 554 661
795 834 967
564 667 124
585 819 343
24 627 97
256 316 123
740 967 35
730 784 62
5 202 321
367 373 981
106 307 251
232 683 123
599 711 384
862 964 49
22 89 571
100 851 6
848 946 724
134 742 75
300 897 78
391 787 19
57 221 254
326 456 546
822 897 768
459 503 620
70 99 283
380 593 26
118 287 285
115 341 154
719 803 455
905 968 918
161 189 677
667 701 222
248 914 100
579 683 199
65 338 68
380 485 3
321 385 882
26 884 61
19 961 29
364 450 211
551 750 326
62 217 86
477 591 550
692 798 746
431 477 520
124 774 11
342 401 718
231 967 74
656 708 594
68 289 221
612 771 315
7 97 878
653 781 320
600 606 933
226 339 107
587 887 182
301 538 192
949 980 772
93 163 956
23 381 210
354 395 197
836 963 180
483 491 892
110 212 530
484 597 197
20 671 104
246 781 106
294 505 354
255 941 76
651 714 917
703 741 276
566 760 153
351 618 222
798 873 55
266 273 298
566 757 58
490 687 347
792 818 7
269 828 91
87 283 342
590 870 250
48 88 65
271 348 868
75 560 15
342 997 65
530 576 864
212 364 104
678 986 141
228 409 273
451 570 389
187 197 560
333 450 319
170 306 195
675 712 211
493 607 627
663 672 342
198 223 662
146 432 135
87 428 217
931 965 455
273 453 350
728 743 709
582 587 543
352 525 380
259 434 391
424 475 663
200 274 711
402 520 246
799 884 188
470 495 749
343 394 149
863 892 596
148 180 416
363 413 20
598 681 301
258 551 28
64 499 42
574 804 217
207 318 117
972 995 18
370 375 563
163 195 305
917 992 360
290 947 112
217 342 289
61 345 260
724 847 165
472 818 182
918 922 639
132 230 162
919 985 661
751 824 683
266 864 127
179 363 115
575 605 393
197 372 415
335 467 444
770 830 973
507 721 115
180 270 557
57 558 166
505 693 395
541 867 93
16 112 759
788 888 266
655 675 848
46 665 90
723 890 81
379 458 890
660 775 518
148 350 145
514 623 637
749 788 485
506 973 133
845 942 473
279 334 189
140 469 220
149 412 78
216 431 97
469 643 185
425 846 39
656 854 326
35 611 5
713 941 291
687 744 70
436 538 118
305 383 340
331 535 391
400 484 885
346 357 560
641 854 236
710 939 128
662 686 990
52 629 60
80 122 943
613 678 124
663 913 72
192 600 189
734 739 182
181 255 353
186 341 159
772 892 26
246 554 202
787 900 518
80 286 293
480 579 236
760 938 3
399 735 192
189 295 559
589 668 597
898 902 403
213 251 886
654 697 103
187 393 246
257 489 350
398 432 327
826 963 414
338 424 365
601 828 249
135 194 421
930 985 341
420 563 291
771 936 293
920 943 127
679 811 501
3 217 368
522 825 235
409 654 90
315 427 428
647 927 183
132 211 197
210 443 284
245 783 12
178 248 71
673 701 473
145 840 49
603 793 115
39 227 383
587 672 429
255 274 24
134 202 171
905 916 78
667 790 595
152 158 420
478 540 515
7 380 201
831 911 531
838 884 762
47 413 108
769 841 881
241 338 57
823 935 379
61 229 335
470 546 267
716 746 867
360 756 144
868 926 605
461 647 307
435 618 344
471 564 483
438 526 767
28 261 194
203 446 82
447 501 530
969 986 978
22 366 239
563 597 623
482 971 149
92 685 124
830 853 972
440 703 228
102 364 72
390 513 68
660 932 23
483 917 189
259 444 344
679 847 102
151 385 84
487 517 804
33 115 870
106 632 131
779 850 995
139 406 272
925 986 981
41 89 872
357 731 187
503 549 999
465 614 375
614 713 570
737 813 613
54 68 767
213 596 217
97 225 650
453 942 54
393 679 217
289 852 4
590 862 258
472 564 868
629 685 55
687 774 817
336 399 399
69 82 375
106 478 15
7 108 757
258 354 619
412 745 58
480 611 362
107 282 252
427 964 89
162 422 203
106 119 988
216 292 513
336 390 625
169 839 17
716 721 747
111 425 237
940 975 664
413 575 52
929 968 447
474 490 102
126 364 245
339 859 43
698 716 560
693 731 810
756 787 724
909 990 394
61 405 127
128 138 705
640 751 709
781 939 257
116 187 99
90 127 159
749 850 513
369 489 105
489 531 840
408 663 241
536 694 231
144 223 393
527 602 866
362 812 102
945 1000 213
18 834 94
208 764 133
524 584 59
99 630 121
22 702 122
247 783 71
851 993 273
447 611 187
6 466 152
967 972 617
284 393 451
561 571 851
97 189 409
402 937 101
502 655 497
420 554 60
236 287 724
187 279 92
255 274 280
144 186 37
109 975 19
466 689 10
2 465 137
430 855 164
60 877 85
550 635 788
71 425 188
694 781 411
918 926 692
380 583 220
42 789 101
15 548 65
301 534 35
478 909 128
320 972 79
487 547 678
10 93 724
754 803 478
472 913 1
75 83 316
488 562 881
474 697 339
15 174 498
488 778 11
577 753 332
693 703 992
576 958 147
39 229 430
553 601 976
644 922 198
109 542 172
409 623 293
329 342 324
636 731 142
315 712 207
911 936 565
115 978 21
100 178 608
245 266 176
458 625 11
164 244 959
509 678 410
166 329 241
51 100 849
260 366 144
67 617 81
51 121 628
308 432 568
231 493 37
561 616 240
147 172 245
501 661 60
8 73 759
883 913 480
585 789 245
112 964 63
439 823 186
4 342 103
211 317 307
303 325 846
605 925 42
470 593 359
456 622 408
478 1000 74
434 564 509
844 924 660
568 721 381
172 208 597
623 744 674
705 950 11
437 513 682
20 192 436
28 86 736
754 817 650
503 872 154
404 618 73
152 692 74
151 393 255
210 490 249
29 164 90
775 888 441
550 713 322
733 967 60
749 777 224
15 104 495
53 75 454
599 707 334
668 944 154
581 704 517
248 274 882
81 320 281
199 677 138
166 198 374
526 833 175
501 551 197
78 693 92
824 851 425
384 450 135
162 243 626
567 928 49
345 522 347
39 168 552
406 513 468
539 925 185
377 773 106
562 611 116
289 330 60
59 282 96
526 845 99
460 503 831
669 710 370
912 995 482
424 962 68
14 776 65
449 511 190
121 174 791
378 687 198
32 446 142
751 920 151
335 534 262
24 73 712
778 858 739
883 903 168
215 318 119
211 222 618
49 102 89
112 122 285
143 333 14
201 342 35
275 329 309
451 520 237
153 298 156
623 931 149
736 793 834
389 480 888
614 770 101
842 926 870
663 738 629
246 460 323
583 860 223
580 737 42
69 252 371
338 564 74
271 374 486
483 581 263
209 242 186
569 664 567
532 646 350
522 550 771
517 575 777
142 326 35
331 424 481
271 313 318
323 802 123
485 642 305
514 738 109
103 791 45
442 805 51
196 702 145
266 487 110
156 357 154
359 414 791
455 532 741
246 297 10
395 908 126
353 646 61
487 540 837
307 730 124
488 824 191
93 327 204
712 775 133
92 677 28
433 440 200
604 955 27
785 974 282
578 1000 134
159 178 500
778 898 502
354 787 39
834 984 26
187 299 433
156 214 999
375 446 94
164 432 173
137 332 111
819 844 526
615 927 66
508 589 887
475 689 223
803 899 708
51 145 227
109 189 786
17 49 361
235 647 147
363 510 315
37 718 98
572 859 268
225 966 104
509 551 964
205 890 112
132 311 341
377 597 33
605 613 302
259 351 183
854 924 943
456 547 267
565 694 29
523 875 120
757 811 720
863 927 522
127 235 322
298 615 118
889 953 992
339 362 329
108 457 113
97 184 111
325 550 216
748 756 483
259 625 115
47 99 539
237 792 66
848 942 102
374 392 886
791 827 715
242 666 27
364 417 152
41 358 33
875 941 353
744 757 211
255 500 26
94 139 145
343 550 393
260 591 150
663 785 263
520 605 367
124 208 118
148 354 223
155 360 171
335 752 85
134 466 109
223 380 314
355 547 154
390 437 327
479 807 97
540 634 836
473 589 469
235 667 15
76 481 53
78 181 47
498 920 117
73 691 18
190 251 673
361 417 529
942 980 69
19 99 952
598 897 269
321 514 108
18 331 146
837 909 84
34 118 809
131 216 121
59 259 309
294 448 251
799 955 215
840 907 933
419 586 102
122 312 130
696 852 106
663 819 125
18 518 54
477 546 980
78 181 546
472 661 86
256 410 481
192 291 190
403 412 760
213 695 92
717 741 751
289 427 459
856 866 6
822 944 359
320 713 181
778 853 716
467 757 238
765 971 236
168 344 116
178 392 340
239 735 35
425 838 192
836 859 252
168 251 722
270 445 352
612 887 147
299 578 165
933 952 713
800 923 309
288 324 478
37 45 523
53 527 31
395 560 74
104 502 31
232 786 132
647 723 274
